0 2
1 4
3 9
5 13
6 18
7 15
8 16
10 26
11 23
12 24
14 30
17 34
19 40
20 41
21 36
22 43
25 47
27 53
28 54
29 49
31 70
32 71
33 59
35 61
37 73
38 64
39 65
42 78
44 93
45 94
46 82
48 84
50 96
51 87
52 88
55 101
56 124
57 102
58 103
60 105
62 130
63 108
66 115
67 116
68 113
69 114
72 134
74 136
75 137
76 121
77 122
79 161
80 139
81 140
83 142
85 167
86 145
89 152
90 153
91 150
92 151
95 171
97 173
98 174
99 158
100 159
104 213
106 214
107 180
109 217
110 218
111 184
112 185
117 190
118 197
119 192
120 193
123 202
125 223
126 224
127 199
128 226
129 201
131 229
132 204
133 205
135 207
138 177
141 272
143 273
144 239
146 276
147 277
148 243
149 244
154 249
155 256
156 251
157 252
160 261
162 282
163 283
164 258
165 285
166 260
168 288
169 263
170 264
172 266
175 236
176 323
178 274
179 290
181 312
182 295
183 296
186 271
187 270
188 297
189 298
191 300
194 330
195 317
196 257
198 255
200 305
203 307
206 303
208 315
209 302
210 311
211 246
212 245
215 237
216 314
219 328
220 333
221 281
222 280
225 338
227 339
228 309
230 342
231 238
232 320
233 294
234 322
235 372
240 361
241 344
242 345
247 346
248 347
250 349
253 379
254 366
259 354
262 356
265 352
267 364
268 351
269 360
275 363
278 377
279 382
284 387
286 388
287 358
289 391
291 369
292 343
293 371
299 380
301 359
304 376
306 385
308 362
310 350
313 357
316 367
318 365
319 384
321 375
324 389
325 393
326 370
327 353
329 394
331 348
332 383
334 381
335 368
336 355
337 395
340 373
341 392
374 397
378 398
386 399
390 396
