0 3
1 5
2 6
4 10
7 19
8 20
9 17
11 27
12 28
13 25
14 37
15 31
16 32
18 34
21 42
22 50
23 44
24 45
26 47
29 55
30 56
33 72
35 63
36 62
38 74
39 75
40 66
41 67
43 79
46 95
48 86
49 85
51 97
52 98
53 89
54 90
57 125
58 126
59 104
60 128
61 106
64 109
65 110
68 117
69 131
70 115
71 116
73 118
76 138
77 102
78 123
80 162
81 163
82 141
83 165
84 143
87 146
88 147
91 154
92 168
93 152
94 153
96 155
99 175
100 139
101 160
103 176
105 178
107 215
108 181
111 219
112 220
113 186
114 187
119 198
120 200
121 194
122 195
124 197
127 225
129 227
130 202
132 230
133 231
134 206
135 233
136 208
137 209
140 235
142 237
144 274
145 240
148 278
149 279
150 245
151 246
156 257
157 259
158 253
159 254
161 256
164 284
166 286
167 261
169 289
170 290
171 265
172 292
173 267
174 268
177 275
179 324
180 285
182 313
183 326
184 293
185 269
188 323
189 320
190 299
191 328
192 301
193 260
196 262
199 304
201 252
203 255
204 308
205 309
207 306
210 244
211 316
212 331
213 303
214 312
216 236
217 315
218 302
221 334
222 335
223 317
224 297
226 239
228 340
229 318
232 296
234 243
238 373
241 362
242 375
247 372
248 369
249 348
250 377
251 350
258 353
263 357
264 358
266 355
270 365
271 380
272 352
273 361
276 364
277 351
280 383
281 384
282 366
283 346
287 389
288 367
291 345
294 386
295 391
298 370
300 371
305 388
307 359
310 356
311 393
314 379
319 394
321 347
322 349
325 382
327 392
329 381
330 363
332 378
333 374
336 395
337 343
338 390
339 354
341 387
342 344
360 397
368 398
376 396
385 399
