56 101 55 29 13 5 1 0 2 6 14 30
77 102 57 31 15 7 3 0 2 8 20 41
78 79 43 22 10 4 1 0 3 9 21 42
100 139 80 44 23 11 5 1 4 12 28 54
137 176 103 58 32 16 8 2 6 18 39 75
138 177 104 59 33 17 9 3 7 19 40 76
174 235 140 81 45 24 12 4 10 26 52 98
175 236 141 82 46 25 13 5 11 27 53 99
177 275 145 86 48 28 12 4 1 0 3 9 17 33 59 104
178 274 144 85 49 29 13 5 1 0 3 9 17 34 60 105
179 290 170 94 45 24 12 4 1 0 2 8 20 35 61 106
180 285 165 83 47 25 13 5 1 0 3 9 21 36 62 107
181 284 164 82 46 25 13 5 1 0 2 8 20 35 63 108
184 293 173 97 51 23 11 5 1 0 3 7 19 40 66 111
185 269 175 99 53 27 11 5 1 0 2 8 20 41 67 112
186 264 170 94 45 24 12 4 1 0 3 9 21 42 68 113
187 263 169 93 44 23 11 5 1 0 2 6 18 39 65 114
188 323 176 103 58 32 16 8 2 0 3 7 19 40 66 115
190 267 173 97 51 23 11 5 1 0 3 9 21 42 68 117
192 286 166 84 48 28 12 4 1 0 3 7 15 38 74 119
193 260 159 100 54 28 12 4 1 0 2 6 18 39 75 120
196 257 156 97 51 23 11 5 1 0 3 9 21 42 78 123
197 256 155 96 50 22 10 4 1 0 2 6 14 37 73 118
198 255 160 101 55 29 13 5 1 0 3 7 15 38 74 119
201 252 157 98 52 26 10 4 1 0 2 8 20 41 77 122
204 246 151 88 52 26 10 4 1 0 3 7 15 31 70 132
205 245 150 91 55 29 13 5 1 0 2 8 16 32 71 133
206 265 171 95 46 25 13 5 1 0 3 9 17 33 72 134
206 303 195 122 77 41 20 8 2 0 3 9 17 33 72 134
207 306 202 123 78 42 21 9 3 0 2 6 14 37 73 135
208 249 154 91 55 29 13 5 1 0 3 7 15 38 74 136
209 302 194 121 76 40 19 7 3 0 2 6 18 39 75 137
210 244 149 90 54 28 12 4 1 0 3 7 19 40 76 138
214 295 182 109 64 36 21 9 3 0 2 8 20 35 61 106
218 277 147 88 52 26 10 4 1 0 2 6 18 39 65 110
219 328 191 118 73 37 14 6 2 0 3 7 19 40 66 111
226 285 165 83 47 25 13 5 1 0 3 9 17 34 60 128
227 251 156 97 51 23 11 5 1 0 2 8 20 35 61 129
228 309 205 133 71 32 16 8 2 0 3 9 21 36 62 130
231 238 143 84 48 28 12 4 1 0 2 8 16 32 71 133
231 276 146 87 49 29 13 5 1 0 2 8 16 32 71 133
232 296 183 110 65 39 18 6 2 0 3 9 17 33 72 134
233 294 178 105 60 34 17 9 3 0 2 6 14 37 73 135
234 243 148 89 53 27 11 5 1 0 3 7 15 38 74 136
247 372 235 140 81 45 24 12 4 1 5 11 27 53 89 152
265 352 254 159 100 54 28 12 4 1 5 13 25 46 95 171
266 355 261 160 101 55 29 13 5 1 4 10 22 50 96 172
287 358 264 170 94 45 24 12 4 1 5 13 29 49 85 167
292 343 237 142 83 47 25 13 5 1 4 10 22 50 96 172
294 386 283 163 81 45 24 12 4 1 0 3 9 17 34 60 105 178
311 383 280 150 91 55 29 13 5 1 0 3 7 19 40 76 138 210
312 361 240 145 86 48 28 12 4 1 0 2 8 20 35 63 108 181