0 1 4 12 24 16 8 2
3 7 19 27 11 5 1 0
0 2 6 18 34 17 9 3
5 13 25 47 26 10 4 1
8 20 35 63 37 14 6 2
9 21 36 64 38 15 7 3
4 10 22 50 86 48 28 12
5 11 23 51 87 49 29 13
6 14 30 69 114 65 39 18
7 15 31 70 115 66 40 19
8 16 32 71 116 67 41 20
9 17 33 72 117 68 42 21
26 52 88 151 92 43 22 10
27 53 89 152 93 44 23 11
28 54 90 153 94 45 24 12
29 55 91 154 95 46 25 13
37 73 118 197 124 56 30 14
38 74 119 198 125 57 31 15
16 24 45 81 163 126 58 32
34 60 105 199 127 59 33 17
39 75 120 200 128 60 34 18
40 76 121 158 99 53 27 19
41 77 122 201 129 61 35 20
42 78 123 202 130 62 36 21
22 43 79 161 256 155 96 50
23 44 80 162 257 156 97 51
25 46 82 164 258 142 83 47
26 47 83 165 259 157 98 52
28 48 84 166 260 159 100 54
29 49 85 167 261 160 101 55
30 56 101 160 255 203 131 69
31 57 102 211 246 204 132 70
32 58 103 212 245 205 133 71
33 59 104 213 303 206 134 72
35 61 106 214 312 181 108 63
36 62 107 215 313 182 109 64
37 63 108 216 314 207 135 73
38 64 109 217 315 208 136 74
39 65 110 218 302 209 137 75
40 66 111 219 244 210 138 76
41 67 112 220 316 211 102 77
42 68 113 221 281 161 79 78
92 168 262 196 123 78 79 43
93 169 263 187 270 139 80 44
94 170 264 186 271 140 81 45
95 171 265 352 272 141 82 46
86 145 240 361 273 143 84 48
87 146 241 362 274 144 85 49
96 172 266 363 275 145 86 50
97 173 267 364 276 146 87 51
98 174 268 351 277 147 88 52
99 175 269 185 278 148 89 53
100 139 270 365 279 149 90 54
101 56 124 222 280 150 91 55
125 223 317 195 122 77 102 57
126 224 297 188 323 176 103 58
127 225 240 145 275 177 104 59
128 226 239 144 274 178 105 60
129 227 251 350 324 179 106 61
130 228 309 393 325 180 107 62
114 187 263 357 326 183 110 65
115 188 297 353 327 184 111 66
116 189 298 377 278 185 112 67
117 190 299 380 271 186 113 68
131 229 318 365 270 187 114 69
132 230 319 394 323 188 115 70
133 231 276 364 320 189 116 71
134 232 320 364 267 190 117 72
135 233 321 347 328 191 118 73
136 234 322 388 286 192 119 74
137 176 323 394 329 193 120 75
138 177 275 363 330 194 121 76
80 139 100 159 254 366 282 162
81 140 235 372 247 346 283 163
82 141 236 216 108 181 284 164
83 142 237 215 107 180 285 165
84 143 238 373 301 192 286 166
85 144 239 374 397 358 287 167
88 147 242 375 308 204 246 151
89 148 243 376 304 346 247 152
90 149 244 219 328 347 248 153
91 150 245 212 331 348 249 154
92 151 246 211 316 367 288 168
93 152 247 372 398 368 289 169
94 153 248 369 315 217 290 170
95 154 249 208 315 369 291 171
96 155 250 377 298 370 292 172
97 156 251 227 339 371 293 173
98 157 252 378 398 372 235 174
99 158 253 379 314 216 236 175
103 176 137 209 310 356 331 212
104 177 138 210 311 383 332 213
105 178 294 386 283 346 304 199
106 179 290 217 109 182 295 214
110 183 296 345 242 147 277 218
111 184 293 371 300 191 328 219
112 185 269 360 397 374 333 220
113 186 264 358 397 360 334 221
118 191 300 349 250 155 256 197
119 192 301 359 307 203 255 198
120 193 260 166 286 388 305 200
194 302 218 277 351 253 158 121
122 195 303 213 332 378 252 201
123 196 257 162 282 385 306 202
124 197 256 161 281 384 335 222
125 198 255 160 261 355 336 223
126 163 283 386 399 395 337 224
127 199 304 376 396 390 338 225
128 200 305 354 259 165 285 226
129 201 252 157 259 354 339 227
130 202 306 207 314 379 340 228
131 203 307 380 299 392 341 229
132 204 308 362 241 344 342 230
133 205 309 228 340 373 238 231
134 206 265 171 291 345 296 232
135 207 306 385 399 386 294 233
136 208 249 348 396 376 243 234
271 380 307 359 268 174 235 140
272 381 334 360 269 175 236 141
258 353 297 224 337 343 237 142
273 344 241 146 276 231 238 143
278 377 250 349 322 234 243 148
279 382 325 393 311 210 244 149
280 383 311 393 309 205 245 150
257 196 262 356 310 350 251 156
260 193 329 381 272 352 254 159
284 387 341 392 327 353 258 164
287 389 330 363 266 355 261 167
288 390 396 348 331 356 262 168
289 391 295 182 313 357 263 169
290 179 324 389 287 358 264 170
292 343 337 395 336 355 266 172
293 184 327 392 299 190 267 173
178 274 362 308 375 321 233 294
325 382 333 374 239 226 285 180
312 361 240 225 338 387 284 181
326 370 298 189 320 232 296 183
330 389 324 350 310 209 302 194
317 366 254 352 265 206 303 195
214 295 391 342 344 273 361 312
215 237 343 292 370 326 357 313
333 382 279 365 318 367 316 220
334 381 329 394 319 384 281 221
335 368 398 378 332 383 280 222
336 395 399 385 282 366 317 223
341 387 338 390 288 367 318 229
342 391 289 368 335 384 319 230
242 345 291 369 248 347 321 375
253 351 268 359 301 373 340 379
371 339 354 305 388 322 349 300