0 1
2 8
3 7
4 12
5 11
6 14
9 21
10 22
13 29
15 38
16 24
17 33
18 39
19 27
20 35
23 51
25 46
26 52
28 48
30 69
31 57
32 58
34 60
36 64
37 63
40 76
41 77
42 68
43 92
44 80
45 81
47 83
49 87
50 86
53 99
54 100
55 91
56 101
59 127
61 129
62 107
65 114
66 111
67 112
70 132
71 133
72 117
73 135
74 119
75 120
78 79
82 164
84 166
85 144
88 151
89 148
90 149
93 169
94 170
95 154
96 172
97 156
98 157
102 211
103 212
104 177
105 199
106 179
108 216
109 182
110 183
113 221
115 188
116 189
118 191
121 158
122 201
123 196
124 222
125 198
126 163
128 200
130 228
131 203
134 232
136 234
137 176
138 210
139 270
140 271
141 236
142 258
143 238
145 275
146 241
147 242
150 280
152 247
153 248
155 250
159 260
160 255
161 281
162 257
165 259
167 287
168 262
171 291
173 293
174 235
175 269
178 294
180 325
181 284
184 327
185 278
186 264
187 263
190 267
192 286
193 329
194 302
195 303
197 256
202 306
204 246
205 245
206 265
207 314
208 249
209 310
213 332
214 295
215 313
217 290
218 277
219 244
220 316
223 336
224 337
225 240
226 285
227 251
229 341
230 319
231 276
233 321
237 343
239 374
243 376
252 378
253 351
254 352
261 355
266 363
268 359
272 381
273 344
274 362
279 365
282 385
283 386
288 390
289 368
292 370
296 345
297 353
298 377
299 392
300 349
301 373
304 346
305 354
307 380
308 375
309 393
311 383
312 361
315 369
317 366
318 367
320 364
322 388
323 394
324 350
326 357
328 347
330 389
331 356
333 382
334 360
335 384
338 387
339 371
340 379
342 391
348 396
358 397
372 398
395 399
