0 3
1 4
2 8
5 11
6 18
7 15
9 21
10 22
12 28
13 25
14 37
16 31
17 40
19 34
20 30
23 43
24 52
26 46
27 55
29 49
32 70
33 58
35 73
36 61
38 76
39 64
41 56
42 67
44 92
45 80
47 95
48 83
50 98
51 86
53 101
54 89
57 124
59 103
60 127
62 106
63 130
65 109
66 133
68 112
69 136
71 115
72 139
74 118
75 102
77 121
78 105
79 163
81 142
82 166
84 145
85 169
87 148
88 172
90 151
91 175
93 154
94 178
96 157
97 181
99 160
100 144
104 219
107 222
108 183
110 225
111 186
113 228
114 189
116 231
117 192
119 234
120 195
122 237
123 198
125 240
126 201
128 243
129 204
131 246
132 207
134 249
135 210
137 184
138 213
140 187
141 216
143 286
146 289
147 250
149 292
150 253
152 295
153 256
155 298
156 259
158 301
159 262
161 304
162 265
164 307
165 268
167 310
168 271
170 313
171 274
173 316
174 277
176 251
177 280
179 254
180 283
182 380
185 383
188 386
190 320
191 389
193 323
194 392
196 326
197 395
199 329
200 398
202 332
203 401
205 335
206 404
208 338
209 407
211 341
212 410
214 344
215 413
217 347
218 416
220 350
221 419
223 353
224 422
226 356
227 425
229 359
230 428
232 362
233 431
235 365
236 434
238 368
239 319
241 371
242 322
244 374
245 325
247 377
248 328
252 500
255 503
257 437
258 506
260 440
261 509
263 443
264 512
266 446
267 515
269 449
270 518
272 452
273 521
275 455
276 524
278 458
279 527
281 461
282 530
284 464
285 533
287 467
288 536
290 470
291 539
293 473
294 542
296 476
297 545
299 479
300 548
302 482
303 551
305 485
306 436
308 488
309 439
311 491
312 442
314 494
315 445
317 497
318 648
321 651
324 654
327 657
330 660
331 555
333 663
334 558
336 665
337 561
339 668
340 564
342 638
343 567
345 671
346 570
348 674
349 573
351 677
352 576
354 680
355 579
357 681
358 582
360 684
361 584
363 687
364 587
366 689
367 590
369 692
370 593
372 459
373 595
375 696
376 598
378 699
379 600
381 702
382 603
384 705
385 606
387 708
388 609
390 709
391 612
393 712
394 614
396 713
397 617
399 716
400 462
402 719
403 621
405 722
406 624
408 723
409 627
411 726
412 629
414 729
415 632
417 556
418 635
420 559
421 483
423 562
424 511
426 565
427 641
429 568
430 453
432 571
433 645
435 574
438 826
441 829
444 832
447 835
448 730
450 838
451 733
454 736
456 843
457 739
460 742
463 745
465 849
466 748
468 852
469 751
471 855
472 754
474 846
475 757
477 859
478 759
480 862
481 762
484 765
486 867
487 768
489 870
490 770
492 871
493 773
495 874
496 775
498 877
499 778
501 880
502 781
504 883
505 784
507 864
508 787
510 887
513 789
514 792
516 891
517 795
519 894
520 796
522 897
523 799
525 840
526 802
528 901
529 804
531 904
532 807
534 731
535 810
537 734
538 813
540 737
541 814
543 740
544 816
546 743
547 819
549 746
550 820
552 749
553 823
554 1024
557 1027
560 1030
563 1033
566 1036
569 1039
572 1042
575 1045
577 907
578 1048
580 910
581 1049
583 898
585 914
586 1051
588 917
589 1054
591 919
592 1057
594 1009
596 924
597 1059
599 856
601 928
602 1062
604 931
605 1065
607 934
608 1068
610 937
611 1060
613 918
615 941
616 1069
618 944
619 786
620 945
622 860
623 861
625 947
626 1071
628 884
630 951
631 1073
633 954
634 1076
636 957
637 1079
639 959
640 1080
642 962
643 801
644 1082
646 963
647 1085
649 966
650 1088
652 969
653 1091
655 972
656 1094
658 975
659 1097
661 978
662 805
664 927
666 981
667 1100
669 984
670 985
672 987
673 1103
675 990
676 1106
678 993
679 821
682 841
683 1111
685 798
686 797
688 913
690 995
691 1112
693 998
694 1115
695 1116
697 865
698 1119
700 1002
701 906
703 1005
704 909
706 1008
707 912
710 999
711 916
714 1012
715 921
717 1015
718 923
720 1018
721 926
724 1019
725 930
727 1021
728 933
732 1242
735 1245
738 1248
741 1251
744 1254
747 1257
750 1260
752 1122
753 1263
755 1125
756 1166
758 1128
760 1129
761 1266
763 1132
764 1269
766 1134
767 1272
769 1137
771 1139
772 1274
774 1142
776 1143
777 1277
779 1146
780 1280
782 1149
783 1283
785 1152
788 1155
790 1156
791 1275
793 1159
794 1197
800 1162
803 1165
806 1288
808 1169
809 1291
811 1172
812 1294
815 1173
817 1177
818 1211
822 1300
824 1181
825 1303
827 1184
828 1306
830 1187
831 1309
833 1190
834 1312
836 1193
837 1315
839 1196
842 1287
844 1199
845 1318
847 1202
848 1200
850 1205
851 1321
853 1208
854 1324
857 1178
858 1326
863 1210
866 1265
868 1213
869 1330
872 1216
873 1334
875 1217
876 1337
878 1220
879 1124
881 1223
882 1127
885 1214
886 1131
888 1226
889 1227
890 1136
892 1230
893 1138
895 1233
896 1141
899 1160
900 1145
902 1236
903 1148
905 1239
908 1446
911 1194
915 1449
920 1452
922 1175
925 1247
929 1229
932 1455
935 1458
936 1340
938 1182
939 1343
940 1317
942 1459
943 1346
946 1349
948 1285
949 1225
950 1414
952 1447
953 1352
955 1436
956 1355
958 1215
960 1331
961 1358
964 1465
965 1361
967 1153
968 1176
970 1467
971 1364
973 1469
974 1367
976 1472
977 1370
979 1395
980 1373
982 1464
983 1375
986 1376
988 1268
989 1209
991 1474
992 1381
994 1359
996 1475
997 1325
1000 1385
1001 1264
1003 1478
1004 1387
1006 1423
1007 1389
1010 1201
1011 1391
1013 1481
1014 1362
1016 1293
1017 1393
1020 1284
1022 1483
1023 1397
1025 1486
1026 1167
1028 1489
1029 1400
1031 1492
1032 1401
1034 1493
1035 1403
1037 1130
1038 1405
1040 1237
1041 1408
1043 1494
1044 1411
1046 1497
1047 1244
1050 1415
1052 1392
1053 1203
1055 1126
1056 1418
1058 1174
1061 1198
1063 1499
1064 1420
1066 1500
1067 1158
1070 1384
1072 1292
1074 1501
1075 1425
1077 1477
1078 1231
1081 1224
1083 1506
1084 1144
1086 1338
1087 1430
1089 1341
1090 1170
1092 1344
1093 1434
1095 1345
1096 1333
1098 1347
1099 1427
1101 1310
1102 1133
1104 1353
1105 1188
1107 1356
1108 1258
1109 1357
1110 1439
1113 1218
1114 1419
1117 1365
1118 1311
1120 1368
1121 1443
1123 1616
1135 1622
1140 1620
1147 1625
1150 1628
1151 1510
1154 1513
1157 1556
1161 1519
1163 1633
1164 1521
1168 1522
1171 1525
1179 1635
1180 1531
1183 1533
1185 1637
1186 1534
1189 1537
1191 1642
1192 1540
1195 1543
1204 1549
1206 1644
1207 1551
1212 1555
1219 1557
1221 1651
1222 1559
1228 1561
1232 1563
1234 1594
1235 1609
1238 1567
1240 1656
1241 1570
1243 1659
1246 1662
1249 1634
1250 1573
1252 1572
1253 1575
1255 1612
1256 1578
1259 1581
1261 1667
1262 1584
1267 1647
1270 1516
1271 1588
1273 1621
1276 1590
1278 1669
1279 1586
1281 1639
1282 1593
1286 1565
1289 1631
1290 1595
1295 1675
1296 1606
1297 1598
1298 1676
1299 1599
1301 1679
1302 1600
1304 1511
1305 1603
1307 1514
1308 1604
1313 1517
1314 1597
1316 1520
1319 1523
1320 1607
1322 1526
1323 1608
1327 1529
1328 1532
1329 1553
1332 1535
1335 1538
1336 1613
1339 1766
1342 1769
1348 1698
1350 1562
1351 1686
1354 1775
1360 1714
1363 1735
1366 1779
1369 1782
1371 1681
1372 1785
1374 1684
1377 1566
1378 1721
1379 1688
1380 1672
1382 1691
1383 1693
1386 1771
1388 1663
1390 1697
1394 1554
1396 1788
1398 1701
1399 1716
1402 1790
1404 1670
1406 1661
1407 1792
1409 1708
1410 1795
1412 1711
1413 1689
1416 1715
1417 1789
1421 1719
1422 1743
1424 1611
1426 1722
1428 1674
1429 1797
1431 1726
1432 1592
1433 1750
1435 1705
1437 1736
1438 1799
1440 1632
1441 1687
1442 1800
1444 1729
1445 1803
1448 1732
1450 1528
1451 1805
1453 1646
1454 1807
1456 1739
1457 1810
1460 1700
1461 1645
1462 1576
1463 1685
1466 1596
1468 1696
1470 1747
1471 1812
1473 1605
1476 1692
1479 1640
1480 1815
1482 1752
1484 1702
1485 1680
1487 1755
1488 1683
1490 1758
1491 1610
1495 1760
1496 1690
1498 1695
1502 1720
1503 1745
1504 1703
1505 1707
1507 1763
1508 1710
1509 1903
1512 1906
1515 1909
1518 1910
1524 1912
1527 1842
1530 1830
1536 1916
1539 1919
1541 1818
1542 1922
1544 1821
1545 1870
1546 1823
1547 1825
1548 1861
1550 1925
1552 1828
1558 1833
1560 1834
1564 1836
1568 1838
1569 1853
1571 1841
1574 1843
1577 1929
1579 1845
1580 1932
1582 1848
1583 1826
1585 1851
1587 1926
1589 1832
1591 1856
1601 1863
1602 1885
1614 1866
1615 1940
1617 1869
1618 1882
1619 1844
1623 1872
1624 1831
1626 1876
1627 1947
1629 1879
1630 1837
1636 1884
1638 1881
1641 1928
1643 1887
1648 1859
1649 1888
1650 1952
1652 1889
1653 1898
1654 1839
1655 1955
1657 1892
1658 1820
1660 1895
1664 1864
1665 1897
1666 1827
1668 1890
1671 1873
1673 1840
1677 1900
1678 1847
1682 1867
1694 1958
1699 1948
1704 1988
1706 2002
1709 2009
1712 1954
1713 1927
1717 1978
1718 1934
1723 1996
1724 1908
1725 1907
1727 2012
1728 1829
1730 1893
1731 1891
1733 1990
1734 1967
1737 1987
1738 1930
1740 1961
1741 1902
1742 1959
1744 1972
1746 1974
1748 1917
1749 1977
1751 1937
1753 1953
1754 1979
1756 1985
1757 1941
1759 1968
1761 1852
1762 1983
1764 2016
1765 1984
1767 1981
1768 1936
1770 1980
1772 1924
1773 2001
1774 1986
1776 1871
1777 1951
1778 1950
1780 1999
1781 1991
1783 1938
1784 1994
1786 2021
1787 1965
1791 1997
1793 1875
1794 1946
1796 1945
1798 2014
1801 2011
1802 1966
1804 1894
1806 1911
1808 1960
1809 1846
1811 1962
1813 1964
1814 1976
1816 1969
1817 1970
1819 2071
1822 2072
1824 2073
1835 2033
1849 2077
1850 2022
1854 2023
1855 2025
1857 2080
1858 2027
1860 2061
1862 2029
1865 2028
1868 2032
1874 2069
1877 2026
1878 2036
1880 2037
1883 2039
1886 2042
1896 2064
1899 2048
1901 2081
1904 2084
1905 2051
1913 2052
1914 2053
1915 2055
1918 2056
1920 2074
1921 2059
1923 2086
1931 2065
1933 2085
1935 2079
1939 2031
1942 2067
1943 2024
1944 2047
1949 2066
1956 2100
1957 2093
1963 2090
1971 2102
1973 2049
1975 2091
1982 2040
1989 2107
1992 2099
1993 2057
1995 2087
1998 2104
2000 2105
2003 2098
2004 2060
2005 2114
2006 2106
2007 2089
2008 2092
2010 2109
2013 2095
2015 2076
2017 2096
2018 2082
2019 2094
2020 2062
2030 2124
2034 2121
2035 2139
2038 2116
2041 2123
2043 2119
2044 2137
2045 2120
2046 2138
2050 2122
2054 2125
2058 2118
2063 2130
2068 2133
2070 2140
2075 2135
2078 2128
2083 2115
2088 2148
2097 2145
2101 2150
2103 2131
2108 2136
2110 2149
2111 2143
2112 2147
2113 2141
2117 2153
2126 2157
2127 2151
2129 2158
2132 2159
2134 2155
2142 2156
2144 2152
2146 2154
