0 2
1 5
3 7
4 12
6 14
8 20
9 17
10 26
11 23
13 29
15 30
16 39
18 33
19 42
21 36
22 50
24 44
25 53
27 47
28 43
31 69
32 57
34 72
35 60
37 75
38 63
40 78
41 66
45 93
46 81
48 96
49 84
51 99
52 87
54 79
55 90
56 123
58 102
59 126
61 105
62 129
64 108
65 132
67 111
68 135
70 114
71 138
73 117
74 141
76 120
77 104
80 164
82 143
83 167
85 146
86 170
88 149
89 173
91 152
92 176
94 155
95 179
97 158
98 142
100 161
101 145
103 218
106 221
107 182
109 224
110 185
112 227
113 188
115 230
116 191
118 233
119 194
121 236
122 197
124 239
125 200
127 242
128 203
130 245
131 206
133 248
134 209
136 183
137 212
139 186
140 215
144 287
147 290
148 251
150 293
151 254
153 296
154 257
156 299
157 260
159 302
160 263
162 305
163 266
165 308
166 269
168 311
169 272
171 314
172 275
174 317
175 278
177 252
178 281
180 255
181 284
184 382
187 385
189 319
190 388
192 322
193 391
195 325
196 394
198 328
199 397
201 331
202 400
204 334
205 403
207 337
208 406
210 340
211 409
213 343
214 412
216 346
217 415
219 349
220 418
222 352
223 421
225 355
226 424
228 358
229 427
231 361
232 430
234 364
235 433
237 367
238 318
240 370
241 321
243 373
244 324
246 376
247 327
249 379
250 498
253 501
256 504
258 438
259 507
261 441
262 510
264 444
265 513
267 447
268 516
270 450
271 519
273 453
274 522
276 456
277 525
279 459
280 528
282 462
283 531
285 465
286 534
288 468
289 537
291 471
292 540
294 474
295 543
297 477
298 546
300 480
301 549
303 483
304 552
306 486
307 437
309 489
310 440
312 492
313 443
315 495
316 446
320 650
323 653
326 656
329 659
330 554
332 662
333 557
335 548
336 560
338 667
339 563
341 490
342 566
344 518
345 569
347 673
348 572
350 676
351 575
353 679
354 578
356 670
357 581
359 683
360 583
362 686
363 586
365 539
366 589
368 691
369 592
371 694
372 594
374 695
375 597
377 698
378 599
380 701
381 602
383 704
384 605
386 707
387 608
389 688
390 611
392 711
393 542
395 613
396 616
398 715
399 619
401 718
402 620
404 721
405 623
407 664
408 626
410 725
411 628
413 728
414 631
416 555
417 634
419 558
420 637
422 561
423 638
425 564
426 640
428 567
429 643
431 570
432 644
434 573
435 647
436 824
439 827
442 830
445 833
448 836
449 731
451 839
452 734
454 841
455 737
457 844
458 740
460 814
461 743
463 847
464 746
466 850
467 749
469 853
470 752
472 856
473 755
475 857
476 758
478 860
479 760
481 863
482 763
484 865
485 766
487 868
488 769
491 771
493 872
494 774
496 875
497 776
499 878
500 779
502 881
503 782
505 884
506 785
508 885
509 788
511 888
512 790
514 889
515 793
517 892
520 895
521 797
523 898
524 800
526 899
527 803
529 902
530 805
532 905
533 808
535 732
536 811
538 735
541 738
544 741
545 817
547 744
550 747
551 821
553 750
556 1026
559 1029
562 1032
565 1035
568 1038
571 1041
574 1044
576 906
577 1047
579 909
580 950
582 912
584 913
585 1050
587 916
588 1053
590 918
591 1056
593 921
595 923
596 1058
598 926
600 927
601 1061
603 930
604 1064
606 933
607 1067
609 936
610 795
612 939
614 940
615 1059
617 943
618 981
621 862
622 861
624 946
625 819
627 949
629 838
630 1072
632 953
633 1075
635 956
636 1078
639 957
641 961
642 995
645 855
646 1084
648 965
649 1087
651 968
652 1090
654 971
655 1093
657 974
658 1096
660 977
661 1099
663 980
665 858
666 1071
668 983
669 1102
671 986
672 984
674 989
675 1105
677 992
678 1108
680 775
681 962
682 1110
684 798
685 799
687 994
689 873
690 1049
692 997
693 1114
696 1000
697 1118
699 1001
700 1121
702 1004
703 908
705 1007
706 911
708 804
709 998
710 915
712 1010
713 1011
714 920
716 1014
717 922
719 1017
720 925
722 759
723 944
724 929
726 1020
727 932
729 1023
730 1240
733 1243
736 1246
739 1249
742 1252
745 1255
748 1258
751 1261
753 1123
754 1264
756 1126
757 1265
761 1130
762 1267
764 1133
765 1270
767 1135
768 1273
770 1225
772 1140
773 1275
777 1144
778 1278
780 1147
781 1281
783 1150
784 1284
786 1153
787 1276
789 1134
791 1157
792 1285
794 1160
796 1161
801 1163
802 1287
806 1167
807 1289
809 1170
810 1292
812 1173
813 1295
815 1175
816 1296
818 1178
820 1298
822 1179
823 1301
825 1182
826 1304
828 1185
829 1307
831 1188
832 1310
834 1191
835 1313
837 1194
840 1143
842 1197
843 1316
845 1200
846 1201
848 1203
849 1319
851 1206
852 1322
854 1209
859 1327
864 1129
866 1211
867 1328
869 1214
870 1331
871 1332
874 1335
876 1218
877 1122
879 1221
880 1125
882 1224
883 1128
886 1215
887 1132
890 1228
891 1137
893 1231
894 1139
896 1234
897 1142
900 1235
901 1146
903 1237
904 1149
907 1445
910 1271
914 1253
917 1318
919 1451
924 1449
928 1300
931 1454
934 1457
935 1339
937 1183
938 1342
941 1385
942 1283
945 1348
947 1462
948 1350
951 1242
952 1351
954 1306
955 1354
958 1274
959 1138
960 1184
963 1464
964 1360
966 1154
967 1362
969 1466
970 1363
972 1321
973 1366
975 1471
976 1369
978 1127
979 1372
982 1277
985 1226
987 1269
988 1378
990 1473
991 1380
993 1205
996 1384
999 1174
1002 1329
1003 1386
1005 1480
1006 1388
1008 1297
1009 1165
1012 1390
1013 1145
1015 1294
1016 1392
1018 1423
1019 1438
1021 1256
1022 1396
1024 1485
1025 1399
1027 1488
1028 1263
1030 1491
1031 1141
1033 1463
1034 1402
1036 1401
1037 1404
1039 1441
1040 1407
1042 1324
1043 1410
1045 1496
1046 1413
1048 1217
1051 1476
1052 1204
1054 1345
1055 1417
1057 1450
1060 1419
1062 1498
1063 1415
1065 1468
1066 1422
1068 1236
1069 1164
1070 1394
1073 1460
1074 1424
1076 1288
1077 1232
1079 1504
1080 1435
1081 1427
1082 1505
1083 1428
1085 1508
1086 1429
1088 1340
1089 1432
1091 1343
1092 1433
1094 1317
1095 1334
1097 1346
1098 1426
1100 1349
1101 1156
1103 1352
1104 1436
1106 1355
1107 1437
1109 1213
1111 1358
1112 1361
1113 1382
1115 1176
1116 1364
1117 1312
1119 1367
1120 1442
1124 1617
1131 1620
1136 1623
1148 1626
1151 1629
1152 1511
1155 1514
1158 1630
1159 1517
1162 1520
1166 1585
1168 1618
1169 1523
1171 1607
1172 1526
1177 1529
1180 1636
1181 1532
1186 1638
1187 1535
1189 1640
1190 1538
1192 1643
1193 1541
1195 1566
1196 1544
1198 1635
1199 1546
1202 1547
1207 1645
1208 1552
1210 1530
1212 1646
1216 1556
1219 1649
1220 1558
1222 1594
1223 1560
1227 1562
1229 1652
1230 1533
1233 1564
1238 1654
1239 1568
1241 1657
1244 1660
1245 1571
1247 1663
1248 1572
1250 1664
1251 1574
1254 1576
1257 1579
1259 1665
1260 1582
1262 1668
1266 1586
1268 1563
1272 1589
1279 1670
1280 1591
1282 1671
1286 1555
1290 1672
1291 1596
1293 1648
1299 1677
1302 1509
1303 1601
1305 1512
1308 1515
1309 1605
1311 1516
1314 1518
1315 1598
1320 1524
1323 1527
1325 1528
1326 1610
1330 1590
1333 1536
1336 1539
1337 1614
1338 1765
1341 1768
1344 1771
1347 1772
1353 1774
1356 1704
1357 1621
1359 1692
1365 1778
1368 1781
1370 1680
1371 1784
1373 1683
1374 1732
1375 1685
1376 1687
1377 1723
1379 1787
1381 1690
1383 1565
1387 1695
1389 1696
1391 1521
1393 1698
1395 1548
1397 1700
1398 1715
1400 1703
1403 1705
1405 1633
1406 1791
1408 1707
1409 1794
1411 1710
1412 1688
1414 1713
1416 1788
1418 1694
1420 1718
1421 1603
1425 1637
1430 1725
1431 1747
1434 1644
1439 1662
1440 1595
1443 1728
1444 1802
1446 1731
1447 1744
1448 1706
1452 1734
1453 1693
1455 1738
1456 1809
1458 1741
1459 1699
1461 1611
1465 1746
1467 1743
1469 1650
1470 1790
1472 1749
1474 1632
1475 1624
1477 1721
1478 1750
1479 1814
1481 1751
1482 1760
1483 1701
1484 1817
1486 1754
1487 1682
1489 1757
1490 1577
1492 1559
1493 1726
1494 1759
1495 1689
1497 1752
1499 1575
1500 1735
1501 1551
1502 1702
1503 1599
1506 1762
1507 1709
1510 1904
1513 1907
1519 1836
1522 1824
1525 1913
1531 1852
1534 1873
1537 1917
1540 1920
1542 1819
1543 1923
1545 1822
1549 1859
1550 1826
1553 1829
1554 1831
1557 1909
1561 1835
1567 1926
1569 1839
1570 1854
1573 1928
1578 1930
1580 1846
1581 1933
1583 1849
1584 1827
1587 1853
1588 1927
1592 1857
1593 1881
1597 1860
1600 1935
1602 1864
1604 1888
1606 1843
1608 1874
1609 1937
1612 1825
1613 1938
1615 1867
1616 1941
1619 1870
1622 1943
1625 1945
1627 1877
1628 1948
1631 1838
1634 1823
1639 1834
1641 1885
1642 1950
1647 1830
1651 1953
1653 1890
1655 1840
1656 1818
1658 1893
1659 1821
1661 1896
1666 1898
1667 1828
1669 1833
1673 1858
1674 1883
1675 1841
1676 1845
1678 1901
1679 1848
1681 2005
1684 2006
1686 2007
1691 1866
1697 1967
1708 1947
1711 2011
1712 1956
1714 1899
1716 1957
1717 1959
1719 2014
1720 1961
1722 1995
1724 1963
1727 1962
1729 1820
1730 1966
1733 1914
1736 2003
1737 1931
1739 1960
1740 1970
1742 1971
1745 1973
1748 1976
1753 1869
1755 1868
1756 1942
1758 1998
1761 1982
1763 2015
1764 1879
1766 2018
1767 1985
1769 1863
1770 1862
1773 1944
1775 1986
1776 1987
1777 1989
1779 1886
1780 1990
1782 2008
1783 1993
1785 2020
1786 1910
1789 1851
1792 1876
1793 1999
1795 2019
1796 1856
1797 2013
1798 1906
1799 1889
1800 1921
1801 1965
1803 1895
1804 2001
1805 1958
1806 1981
1807 1934
1808 1932
1810 1837
1811 2000
1812 1916
1813 1915
1815 1891
1816 1850
1832 2024
1842 2054
1844 2068
1847 2075
1855 2044
1861 2062
1865 2078
1871 2056
1872 2033
1875 2053
1878 2027
1880 2025
1882 2038
1884 2040
1887 2043
1892 2045
1894 2051
1897 2034
1900 2049
1902 2082
1903 2050
1905 2047
1908 2046
1911 2067
1912 2052
1918 2065
1919 2057
1922 2060
1924 2087
1925 2031
1929 2063
1936 2080
1939 2077
1940 2032
1946 2026
1949 2028
1951 2030
1952 2042
1954 2035
1955 2036
1964 2097
1968 2094
1969 2112
1972 2089
1974 2048
1975 2096
1977 2092
1978 2110
1979 2093
1980 2111
1983 2039
1984 2095
1988 2098
1991 2059
1992 2091
1994 2070
1996 2086
1997 2103
2002 2106
2004 2113
2009 2108
2010 2081
2012 2101
2016 2084
2017 2088
2021 2061
2022 2127
2023 2120
2029 2117
2037 2129
2041 2118
2055 2134
2058 2126
2064 2131
2066 2132
2069 2125
2071 2141
2072 2133
2073 2116
2074 2119
2076 2136
2079 2122
2083 2123
2085 2121
2090 2144
2099 2148
2100 2142
2102 2149
2104 2130
2105 2150
2107 2146
2109 2135
2114 2140
2115 2157
2124 2154
2128 2159
2137 2158
2138 2152
2139 2156
2143 2153
2145 2155
2147 2151
