335 548 300 157 96 48 28 12 4 1 0 3 7 15 38 63 130 205
341 490 310 167 83 48 28 12 4 1 0 2 8 16 31 69 136 211
344 518 270 167 83 48 28 12 4 1 0 3 7 19 34 72 139 214
355 512 264 161 100 52 24 12 4 1 0 2 6 18 41 66 110 225
356 670 343 213 138 71 33 18 6 2 0 3 7 19 42 67 111 226
359 495 315 172 88 53 25 13 5 1 0 3 9 17 32 70 114 229
365 539 291 148 87 52 24 12 4 1 0 3 7 15 38 76 120 235
371 528 280 177 93 45 25 13 5 1 0 3 7 19 34 59 126 241
372 459 279 176 92 44 24 12 4 1 0 2 8 20 35 60 127 242
373 593 370 240 125 58 33 18 6 2 0 3 9 21 36 61 128 243
377 477 297 154 93 45 25 13 5 1 0 3 9 17 40 65 132 247
388 524 276 173 89 54 26 10 4 1 0 2 6 18 33 71 115 190
389 688 364 234 119 75 37 14 6 2 0 3 7 19 34 72 116 191
393 542 294 151 90 55 27 11 5 1 0 3 7 15 38 76 120 195
394 473 293 150 89 54 26 10 4 1 0 2 8 16 39 77 121 196
395 613 392 194 119 75 37 14 6 2 0 3 9 17 40 78 122 197
400 462 282 179 95 47 27 11 5 1 0 2 8 20 35 60 127 202
401 598 376 246 131 64 39 16 8 2 0 3 9 21 36 61 128 203
406 506 258 155 94 46 26 10 4 1 0 2 6 18 41 66 133 208
407 664 334 204 129 62 37 14 6 2 0 3 7 19 42 67 134 209
410 489 309 166 82 47 27 11 5 1 0 3 9 17 32 70 137 212
421 483 303 160 99 51 23 11 5 1 0 2 8 16 39 64 108 223
422 627 409 211 136 69 31 16 8 2 0 3 9 17 40 65 109 224
423 638 342 212 137 70 32 17 9 3 0 2 6 18 41 66 110 225
424 511 263 160 99 51 23 11 5 1 0 3 7 19 42 67 111 226
430 453 273 170 86 51 23 11 5 1 0 2 8 20 35 73 117 232
431 582 358 228 113 69 31 16 8 2 0 3 9 21 36 74 118 233
474 846 461 281 178 94 46 26 10 4 1 5 11 27 55 90 151 294
491 769 488 308 165 81 46 26 10 4 1 5 13 29 49 84 168 311
507 864 482 302 159 98 50 22 10 4 1 5 11 27 47 95 156 259
513 789 510 262 159 98 50 22 10 4 1 5 13 25 53 101 162 265
519 774 494 314 171 87 52 24 12 4 1 5 13 29 49 84 168 271
525 840 452 272 169 85 50 22 10 4 1 5 11 27 55 90 174 277
540 803 527 279 176 92 44 24 12 4 1 5 13 25 53 88 149 292
541 814 460 280 177 93 45 25 13 5 1 4 10 26 54 89 150 293
549 758 476 296 153 92 44 24 12 4 1 5 13 29 49 97 158 301
583 898 523 275 172 88 53 25 13 5 1 0 2 6 18 33 71 115 230 360
584 797 521 273 170 86 51 23 11 5 1 0 3 7 19 34 72 116 231 361
599 856 472 292 149 88 53 25 13 5 1 0 2 6 18 41 66 133 248 378
610 795 517 269 166 82 47 27 11 5 1 0 3 7 19 34 72 116 191 389
611 1060 600 379 249 134 67 42 19 7 3 0 2 8 20 35 73 117 192 390
612 847 463 283 180 96 48 28 12 4 1 0 3 9 21 36 74 118 193 391
614 1058 596 374 244 129 62 37 14 6 2 8 16 39 77 121 196 394
615 1059 597 375 245 130 63 38 15 7 3 9 17 40 78 122 197 395
619 786 507 259 156 95 47 27 11 5 1 0 3 7 19 34 59 126 201 399
620 819 547 299 156 95 47 27 11 5 1 0 2 6 14 37 62 129 204 402
621 760 479 299 156 95 47 27 11 5 1 0 3 7 15 38 63 130 205 403
622 860 478 298 155 94 46 26 10 4 1 0 2 8 16 39 64 131 206 404
622 861 479 299 156 95 47 27 11 5 1 0 2 8 16 39 64 131 206 404
623 861 479 299 156 95 47 27 11 5 1 0 3 9 17 40 65 132 207 405
628 884 505 257 154 93 45 25 13 5 1 0 2 6 18 33 71 138 213 411
629 805 530 282 179 95 47 27 11 5 1 0 3 7 19 34 72 139 214 412
637 871 492 312 169 85 50 22 10 4 1 0 3 7 15 38 63 107 222 420
639 957 636 419 221 106 62 37 14 6 2 0 3 7 15 30 68 112 227 425
643 796 520 272 169 85 50 22 10 4 1 0 3 7 19 34 72 116 231 429
663 865 484 304 161 100 52 24 12 4 1 0 3 9 21 36 61 128 203 333
665 858 476 296 153 92 44 24 12 4 1 0 2 8 16 39 64 131 206 336
666 981 618 398 200 125 58 33 18 6 2 0 3 9 17 40 65 132 207 337
666 1071 626 408 210 135 68 30 15 7 3 9 17 40 65 132 207 337
671 788 509 261 158 97 49 29 13 5 1 0 2 8 20 35 73 140 215 345
672 984 669 340 210 135 68 30 15 7 3 9 21 36 74 141 216 346
679 855 471 291 148 87 52 24 12 4 1 0 2 8 16 39 64 108 223 353
680 775 496 316 173 89 54 26 10 4 1 0 3 9 17 40 65 109 224 354
681 962 642 428 230 115 71 33 18 6 2 0 3 7 15 30 68 112 227 357
682 841 454 274 171 87 52 24 12 4 1 0 2 8 16 31 69 113 228 358
684 798 522 274 171 87 52 24 12 4 1 0 2 6 18 33 71 115 230 360
685 798 522 274 171 87 52 24 12 4 1 0 3 7 19 34 72 116 231 361
689 839 451 271 168 84 49 29 13 5 1 0 2 8 16 39 77 121 236 366
690 995 642 428 230 115 71 33 18 6 2 0 3 9 17 40 78 122 237 367
695 813 538 290 147 86 51 23 11 5 1 0 2 6 14 37 62 129 244 374
707 1000 696 375 245 130 63 38 15 7 3 0 2 8 16 31 69 113 188 386
708 804 529 281 178 94 46 26 10 4 1 0 3 9 17 32 70 114 189 387
709 998 693 370 240 125 58 33 18 6 2 8 20 35 73 117 192 390
710 999 694 371 241 126 59 34 19 7 3 9 21 36 74 118 193 391
711 1009 594 372 242 127 60 35 20 8 2 6 14 37 75 119 194 392
712 1010 595 373 243 128 61 36 21 9 3 7 15 38 76 120 195 393
787 1276 776 497 317 174 90 55 27 11 5 1 4 12 28 48 96 157 260 508
790 1274 772 492 312 169 85 50 22 10 4 12 24 52 100 161 264 512
791 1275 773 493 313 170 86 51 23 11 5 13 25 53 101 162 265 513
815 1173 812 537 289 146 85 50 22 10 4 1 5 11 23 43 91 152 295 543
842 1197 794 516 268 165 81 46 26 10 4 1 5 13 25 53 88 172 275 455
842 1287 802 526 278 175 91 43 23 11 5 13 25 53 88 172 275 455
848 1200 845 458 278 175 91 43 23 11 5 13 29 49 97 181 284 464
857 1178 818 546 298 155 94 46 26 10 4 1 5 11 23 43 91 152 295 475
866 1211 818 546 298 155 94 46 26 10 4 1 5 13 25 53 101 162 305 485
883 1216 872 493 313 170 86 51 23 11 5 1 4 12 24 44 92 153 256 504
885 1214 869 488 308 165 81 46 26 10 4 12 28 48 96 157 260 508
886 1215 870 489 309 166 82 47 27 11 5 13 29 49 97 158 261 509
887 1225 770 490 310 167 83 48 28 12 4 10 22 50 98 159 262 510
888 1226 771 491 311 168 84 49 29 13 5 11 23 51 99 160 263 511
910 1271 766 485 305 162 101 53 25 13 5 1 0 3 7 19 42 67 111 226 356 580
911 1194 837 449 269 166 82 47 27 11 5 1 0 3 7 15 30 68 112 227 357 581
917 1318 845 458 278 175 91 43 23 11 5 1 0 3 7 15 38 76 120 235 365 588
922 1175 815 543 295 152 91 43 23 11 5 1 0 2 8 20 35 60 127 242 372 594
928 1300 822 552 304 161 100 52 24 12 4 1 0 3 7 15 38 63 107 182 380 601
929 1229 891 516 268 165 81 46 26 10 4 1 0 2 8 16 39 64 108 183 381 602
937 1183 826 438 258 155 94 46 26 10 4 1 0 3 7 19 34 72 116 191 389 610
938 1182 825 437 257 154 93 45 25 13 5 1 0 2 8 20 35 73 117 192 390 611
940 1317 844 457 277 174 90 55 27 11 5 1 0 2 8 16 39 77 121 196 394 614
942 1283 783 504 256 153 92 44 24 12 4 1 0 2 8 16 31 56 123 198 396 616
947 1310 832 444 264 161 100 52 24 12 4 1 0 3 7 19 42 67 134 209 407 625
948 1285 792 514 266 163 79 44 24 12 4 1 0 3 7 15 30 68 135 210 408 626
951 1242 732 450 270 167 83 48 28 12 4 1 0 2 8 20 35 73 140 215 413 630
952 1447 909 579 355 225 110 66 41 18 6 2 0 3 9 21 36 74 141 216 414 631
954 1306 828 440 260 157 96 48 28 12 4 1 0 3 7 19 34 59 103 218 416 633
956 1227 889 514 266 163 79 44 24 12 4 1 0 3 9 21 36 61 105 220 418 635
959 1138 770 490 310 167 83 48 28 12 4 1 0 3 7 15 30 68 112 227 425 639
960 1184 827 439 259 156 95 47 27 11 5 1 0 2 8 16 31 69 113 228 426 640
961 1269 764 483 303 160 99 51 23 11 5 1 0 3 9 17 32 70 114 229 427 641
966 1154 787 508 260 157 96 48 28 12 4 1 0 3 9 17 32 70 114 189 319 649
967 1153 786 507 259 156 95 47 27 11 5 1 0 2 6 18 33 71 115 190 320 650
968 1176 816 544 296 153 92 44 24 12 4 1 0 3 7 19 34 72 116 191 321 651
972 1321 851 467 287 144 83 48 28 12 4 1 0 3 7 15 38 76 120 195 325 655
977 1346 943 617 397 199 124 57 32 17 9 3 0 2 6 18 33 58 125 200 330 660
978 1127 757 475 295 152 91 43 23 11 5 1 0 3 7 19 34 59 126 201 331 661
981 1278 778 499 251 148 87 52 24 12 4 1 0 2 6 18 33 58 125 200 398 618
982 1277 777 498 250 147 86 51 23 11 5 1 0 2 6 18 41 66 133 208 338 667
982 1464 963 646 434 236 121 77 39 16 8 2 6 18 41 66 133 208 338 667
983 1375 965 648 318 188 113 69 31 16 8 2 0 3 7 19 42 67 134 209 339 668
983 1465 964 647 435 237 122 78 40 17 9 3 7 19 42 67 134 209 339 668
987 1269 764 483 303 160 99 51 23 11 5 1 0 3 9 21 36 74 141 216 346 672
988 1268 763 482 302 159 98 50 22 10 4 1 0 2 6 18 33 58 102 217 347 673
989 1209 854 470 290 147 86 51 23 11 5 1 0 3 7 19 34 59 103 218 348 674
989 1267 762 481 301 158 97 49 29 13 5 1 0 3 7 19 34 59 103 218 348 674
993 1205 850 466 286 143 82 47 27 11 5 1 0 3 7 15 38 63 107 222 352 678
995 1223 881 502 254 151 90 55 27 11 5 1 0 2 6 18 33 71 115 230 428 642
997 1325 857 475 295 152 91 43 23 11 5 1 0 3 9 17 32 57 124 239 369 692
1005 1221 879 500 252 149 88 53 25 13 5 1 0 3 9 17 40 65 109 184 382 703
1008 1297 817 545 297 154 93 45 25 13 5 1 0 3 7 15 30 68 112 187 385 706
1011 1172 811 536 288 145 84 49 29 13 5 1 0 2 8 16 31 56 123 198 396 713
1011 1391 923 595 373 243 128 61 36 21 9 3 0 2 8 16 31 56 123 198 396 713
1012 1252 742 460 280 177 93 45 25 13 5 1 0 3 9 17 32 57 124 199 397 714
1015 1316 843 456 276 173 89 54 26 10 4 1 0 2 8 20 35 60 127 202 400 717
1017 1292 810 535 287 144 83 48 28 12 4 1 0 2 6 14 37 62 129 204 402 719
1018 1423 1006 704 383 185 110 66 41 18 6 2 0 3 7 15 38 63 130 205 403 720
1020 1257 747 465 285 142 81 46 26 10 4 1 0 2 6 18 33 71 138 213 411 726
1021 1256 746 464 284 181 97 49 29 13 5 1 0 3 7 19 34 72 139 214 412 727
1026 1167 806 531 283 180 96 48 28 12 4 1 0 2 8 20 35 60 127 202 332 556
1027 1264 754 472 292 149 88 53 25 13 5 1 0 3 9 21 36 61 128 203 333 557
1028 1263 753 471 291 148 87 52 24 12 4 1 0 2 6 14 37 62 129 204 334 558
1029 1400 936 609 388 190 115 71 33 18 6 2 0 3 7 15 38 63 130 205 335 559
1032 1272 767 486 306 163 79 44 24 12 4 1 0 2 6 18 41 66 133 208 338 562
1033 1463 953 632 415 217 102 58 33 18 6 2 0 3 7 19 42 67 134 209 339 563
1036 1228 890 515 267 164 80 45 25 13 5 1 0 3 9 17 32 70 137 212 342 566
1038 1349 946 624 406 208 133 66 41 18 6 2 0 3 7 19 34 72 139 214 344 568
1040 1237 903 530 282 179 95 47 27 11 5 1 0 3 9 21 36 74 141 216 346 570
1041 1236 902 529 281 178 94 46 26 10 4 1 0 2 6 18 33 58 102 217 347 571
1047 1244 734 452 272 169 85 50 22 10 4 1 0 2 8 16 39 64 108 223 353 577
1048 1243 733 451 271 168 84 49 29 13 5 1 0 3 9 17 40 65 109 224 354 578
1050 1415 992 677 351 221 106 62 37 14 6 2 8 20 35 73 117 232 362 585
1050 1475 996 691 368 238 123 56 31 16 8 20 35 73 117 232 362 585
1051 1205 850 466 286 143 82 47 27 11 5 1 0 3 9 21 36 74 118 233 363 586
1051 1476 997 692 369 239 124 57 32 17 9 21 36 74 118 233 363 586
1052 1204 849 465 285 142 81 46 26 10 4 1 0 2 6 14 37 75 119 234 364 587
1052 1392 1016 718 401 203 128 61 36 21 9 3 0 2 6 14 37 75 119 234 364 587
1053 1177 817 545 297 154 93 45 25 13 5 1 0 3 7 15 38 76 120 235 365 588
1054 1345 941 615 395 197 122 78 40 17 9 3 0 2 8 16 39 77 121 236 366 589
1056 1248 738 456 276 173 89 54 26 10 4 1 0 2 8 16 31 56 123 238 368 591
1061 1198 843 456 276 173 89 54 26 10 4 1 0 3 7 15 38 63 107 182 380 601
1063 1415 992 677 351 221 106 62 37 14 6 2 0 3 9 17 40 65 109 184 382 603
1064 1280 780 501 253 150 89 54 26 10 4 1 0 2 6 18 41 66 110 185 383 604
1065 1468 971 654 324 194 119 75 37 14 6 2 0 3 7 19 42 67 111 186 384 605
1067 1158 792 514 266 163 79 44 24 12 4 1 0 2 8 16 31 69 113 188 386 607
1069 1393 1017 719 402 204 129 62 37 14 6 2 8 16 31 56 123 198 396 616
1070 1394 1018 720 403 205 130 63 38 15 7 3 9 17 32 57 124 199 397 617
1076 1233 895 520 272 169 85 50 22 10 4 1 0 2 8 20 35 60 104 219 417 634
1081 1224 882 503 255 152 91 43 23 11 5 1 0 3 9 17 32 70 114 229 427 641
1090 1170 809 534 286 143 82 47 27 11 5 1 0 2 8 20 35 73 117 192 322 652
1091 1387 1004 702 381 183 108 64 39 16 8 2 0 3 9 21 36 74 118 193 323 653
1097 1435 1080 640 426 228 113 69 31 16 8 2 0 3 9 17 32 57 124 199 329 659
1103 1273 768 487 307 164 80 45 25 13 5 1 0 2 6 18 33 58 102 217 347 673
1105 1188 831 443 263 160 99 51 23 11 5 1 0 2 8 20 35 60 104 219 349 675
1106 1403 1035 565 341 211 136 69 31 16 8 2 0 3 9 21 36 61 105 220 350 676
1118 1311 833 445 265 162 101 53 25 13 5 1 0 2 8 16 39 64 131 246 376 697
1119 1441 1039 569 345 215 140 73 35 20 8 2 0 3 9 17 40 65 132 247 377 698
1168 1618 1125 755 473 293 150 89 54 26 10 4 1 5 13 29 49 97 181 284 532 807
1193 1517 1159 793 515 267 164 80 45 25 13 5 1 4 10 26 46 81 165 268 448 836
1199 1546 1181 824 436 256 153 92 44 24 12 4 1 5 11 27 55 90 174 277 457 844
1199 1636 1180 823 553 305 162 101 53 25 13 5 11 27 55 90 174 277 457 844
1234 1594 1222 880 501 253 150 89 54 26 10 4 1 5 11 23 51 86 170 273 521 896
1245 1571 1152 785 506 258 155 94 46 26 10 4 1 5 11 23 51 86 170 273 453 735
1249 1634 1169 808 533 285 142 81 46 26 10 4 1 5 11 27 55 90 174 277 457 739
1266 1586 1208 853 469 289 146 85 50 22 10 4 12 28 48 96 157 300 480 761
1266 1646 1212 867 486 306 163 79 44 24 12 28 48 96 157 300 480 761
1279 1586 1208 853 469 289 146 85 50 22 10 4 1 5 13 25 53 88 149 252 500 779
1281 1639 1187 830 442 262 159 98 50 22 10 4 1 5 11 27 55 90 151 254 502 781
1307 1558 1220 878 499 251 148 87 52 24 12 4 1 5 13 29 49 97 158 261 441 829
1313 1606 1296 816 544 296 153 92 44 24 12 4 1 5 13 25 45 80 164 267 447 835
1322 1574 1251 741 459 279 176 92 44 24 12 4 1 5 13 29 49 84 145 288 468 852
1335 1612 1255 745 463 283 180 96 48 28 12 4 1 5 13 25 53 88 172 315 495 874
1380 1672 1290 808 533 285 142 81 46 26 10 4 1 0 3 9 21 36 61 105 220 350 676 991
1386 1771 1344 918 590 367 237 122 78 40 17 9 3 7 15 38 63 107 182 380 701 1003
1405 1596 1291 809 534 286 143 82 47 27 11 5 1 0 3 7 19 34 72 139 214 344 568 1038
1412 1688 1379 990 675 349 219 104 60 35 20 8 2 6 14 37 62 106 221 351 575 1045
1413 1689 1380 991 676 350 220 105 61 36 21 9 3 7 15 38 63 107 222 352 576 1046
1416 1715 1398 1024 554 330 200 125 58 33 18 6 2 8 16 39 77 121 236 366 589 1054
1416 1788 1396 1022 728 413 215 140 73 35 20 8 16 39 77 121 236 366 589 1054
1417 1716 1399 1025 555 331 201 126 59 34 19 7 3 9 17 40 78 122 237 367 590 1055
1417 1789 1397 1023 729 414 216 141 74 36 21 9 17 40 78 122 237 367 590 1055
1421 1603 1305 827 439 259 156 95 47 27 11 5 1 0 3 7 19 42 67 111 186 384 605 1065
1424 1611 1327 859 477 297 154 93 45 25 13 5 1 0 2 6 18 33 58 102 217 415 632 1074
1425 1576 1254 744 462 282 179 95 47 27 11 5 1 0 3 7 19 34 59 103 218 416 633 1075
1432 1592 1281 781 502 254 151 90 55 27 11 5 1 0 3 7 19 34 72 116 191 321 651 1089
1448 1732 1374 927 600 379 249 134 67 42 19 7 3 0 2 8 16 31 69 113 228 358 582 912
1462 1743 1422 1066 606 385 187 112 68 30 15 7 19 42 67 134 209 407 625 947
1467 1640 1189 832 444 264 161 100 52 24 12 4 1 0 3 9 21 36 74 118 193 323 653 970
1469 1638 1186 829 441 261 158 97 49 29 13 5 1 0 2 8 16 39 77 121 196 326 656 973
1470 1747 1431 1088 650 320 190 115 71 33 18 6 2 0 3 9 17 40 78 122 197 327 657 974
1470 1790 1402 1034 564 340 210 135 68 30 15 7 3 9 17 40 78 122 197 327 657 974
1494 1759 1481 1013 715 398 200 125 58 33 18 6 2 8 20 35 60 104 219 349 573 1043
1495 1760 1482 1014 716 399 201 126 59 34 19 7 3 9 21 36 61 105 220 350 574 1044
1557 1909 1515 1134 766 485 305 162 101 53 25 13 5 11 23 51 86 147 250 498 877 1219
1583 1826 1550 1206 851 467 287 144 83 48 28 12 4 10 22 50 85 146 289 469 751 1261
1584 1827 1551 1207 852 468 288 145 84 49 29 13 5 11 23 51 86 147 290 470 752 1262
1587 1853 1569 1240 730 448 268 165 81 46 26 10 4 12 24 52 100 161 304 484 765 1270
1587 1926 1567 1238 904 531 283 180 96 48 28 12 24 52 100 161 304 484 765 1270
1588 1854 1570 1241 731 449 269 166 82 47 27 11 5 13 25 53 101 162 305 485 766 1271
1588 1927 1568 1239 905 532 284 181 97 49 29 13 25 53 101 162 305 485 766 1271
1619 1870 1545 1143 776 497 317 174 90 55 27 11 5 1 4 12 24 44 92 153 296 476 758 1128
1633 1881 1593 1282 782 503 255 152 91 43 23 11 27 55 90 174 277 525 801 1163
1641 1885 1602 1304 826 438 258 155 94 46 26 10 4 1 5 13 25 53 101 162 265 445 833 1190
1641 1928 1573 1250 740 458 278 175 91 43 23 11 5 13 25 53 101 162 265 445 833 1190
1665 1897 1652 1229 891 516 268 165 81 46 26 10 4 12 28 48 83 144 287 467 749 1259
1666 1898 1653 1230 892 517 269 166 82 47 27 11 5 13 29 49 84 145 288 468 750 1260
1682 1867 1615 1122 752 470 290 147 86 51 23 11 5 1 0 2 8 20 35 60 127 202 332 662 979 1372
1690 1879 1629 1151 784 505 257 154 93 45 25 13 5 1 0 2 6 14 37 62 106 221 351 677 992 1381
1695 1935 1600 1302 824 436 256 153 92 44 24 12 4 1 0 2 8 16 39 64 108 183 381 702 1004 1387
1696 1887 1643 1192 835 447 267 164 80 45 25 13 5 1 0 3 7 19 42 67 111 186 384 705 1007 1389
1700 1938 1613 1336 875 496 316 173 89 54 26 10 4 1 0 3 9 21 36 74 141 216 414 729 1023 1397
1708 1947 1627 1149 782 503 255 152 91 43 23 11 5 1 0 3 7 19 34 59 103 218 348 572 1042 1409
1714 1899 1676 1298 820 550 302 159 98 50 22 10 4 1 0 3 9 17 40 78 122 237 435 647 964 1360
1718 1934 1582 1260 750 468 288 145 84 49 29 13 5 1 0 2 6 18 41 66 110 185 383 604 1064 1420
1724 1908 1514 1155 788 509 261 158 97 49 29 13 5 1 0 2 8 16 31 69 113 188 318 648 1086 1429
1725 2007 1686 1351 952 631 414 216 141 74 36 21 9 17 32 70 114 189 319 649 1087 1430
1727 2012 1713 1414 950 580 356 226 111 67 42 19 7 3 0 2 6 18 41 66 133 248 378 699 1120 1442
1728 1923 1543 1195 838 450 270 167 83 48 28 12 4 1 0 3 7 19 42 67 134 249 379 700 1121 1443
1729 1820 1543 1195 838 450 270 167 83 48 28 12 4 1 0 3 7 15 38 63 107 222 352 576 906 1444
1730 1893 1658 1242 732 450 270 167 83 48 28 12 4 1 0 2 8 16 39 64 108 223 353 577 907 1445
1731 1891 1656 1240 730 448 268 165 81 46 26 10 4 1 0 3 9 17 40 65 109 224 354 578 908 1446
1734 1876 1626 1148 781 502 254 151 90 55 27 11 5 1 0 3 9 17 32 57 124 239 369 592 920 1452
1738 1872 1623 1136 768 487 307 164 80 45 25 13 5 1 0 3 7 19 42 67 111 186 384 605 932 1455
1739 1960 1719 1421 1065 605 384 186 111 67 42 19 7 15 30 68 112 187 385 606 933 1456
1740 1961 1720 1422 1066 606 385 187 112 68 30 15 7 3 0 2 8 16 31 69 113 188 386 607 934 1457
1741 1828 1552 1208 853 469 289 146 85 50 22 10 4 1 0 3 9 17 32 70 114 189 387 608 935 1458
1748 1917 1537 1189 832 444 264 161 100 52 24 12 4 1 0 2 8 16 31 56 123 198 328 658 975 1471
1749 1834 1560 1223 881 502 254 151 90 55 27 11 5 1 0 3 9 17 32 57 124 199 329 659 976 1472
1753 1869 1617 1124 754 472 292 149 88 53 25 13 5 1 0 2 6 18 33 58 125 200 330 554 1024 1485
1754 1912 1524 1170 809 534 286 143 82 47 27 11 5 1 0 3 7 19 34 59 126 201 331 555 1025 1486
1755 1868 1616 1123 753 471 291 148 87 52 24 12 4 1 0 2 8 20 35 60 127 202 332 556 1026 1487
1761 1852 1531 1180 823 553 305 162 101 53 25 13 5 1 0 2 6 14 37 75 119 234 432 644 1082 1505
1762 1948 1628 1150 783 504 256 153 92 44 24 12 4 1 0 3 7 15 38 76 120 235 433 645 1083 1506
1765 1984 1683 1373 980 663 333 203 128 61 36 21 9 3 0 2 8 16 31 69 113 188 386 607 934 1338
1766 1904 1510 1151 784 505 257 154 93 45 25 13 5 1 0 3 9 17 32 70 114 189 387 608 935 1339
1767 1985 1756 1488 1027 557 333 203 128 61 36 21 9 3 0 2 6 18 33 71 115 190 388 609 936 1340
1768 1936 1601 1303 825 437 257 154 93 45 25 13 5 1 0 3 7 19 34 72 116 191 389 610 937 1341
1772 1924 1544 1196 839 451 271 168 84 49 29 13 5 1 0 2 6 18 33 58 125 200 398 618 944 1347
1774 1892 1657 1241 731 449 269 166 82 47 27 11 5 1 0 3 7 19 34 59 103 218 416 633 954 1353
1775 1933 1581 1259 749 467 287 144 83 48 28 12 4 1 0 2 8 20 35 60 104 219 417 634 955 1354
1779 1886 1642 1191 834 446 266 163 79 44 24 12 4 1 0 2 8 16 39 77 121 196 326 656 973 1366
1780 1990 1733 1451 919 591 368 238 123 56 31 16 8 2 0 3 9 17 40 78 122 197 327 657 974 1367
1781 1919 1539 1191 834 446 266 163 79 44 24 12 4 1 0 2 8 16 31 56 123 198 328 658 975 1368
1782 2008 1707 1408 1041 571 347 217 102 58 33 18 6 2 0 3 9 17 32 57 124 199 329 659 976 1369
1785 1866 1614 1337 876 497 317 174 90 55 27 11 5 1 0 2 8 20 35 60 127 202 332 662 979 1372
1791 1997 1757 1489 1028 558 334 204 129 62 37 14 6 2 8 20 35 73 140 215 345 569 1039 1406
1793 1999 1780 1367 974 657 327 197 122 78 40 17 9 3 0 2 6 18 33 58 102 217 347 571 1041 1408
1794 1946 1626 1148 781 502 254 151 90 55 27 11 5 1 0 3 7 19 34 59 103 218 348 572 1042 1409
1795 1913 1525 1171 810 535 287 144 83 48 28 12 4 1 0 2 8 20 35 60 104 219 349 573 1043 1410
1803 1943 1622 1135 767 486 306 163 79 44 24 12 4 1 0 2 8 16 39 64 108 223 353 577 907 1445
1903 2050 1821 1544 1196 839 451 271 168 84 49 29 13 5 1 4 12 24 44 92 153 256 504 783 1150 1509
1905 2051 1894 1659 1243 733 451 271 168 84 49 29 13 5 1 4 10 26 46 94 155 258 506 785 1152 1511
1918 2056 1871 1622 1135 767 486 306 163 79 44 24 12 4 1 5 13 25 53 101 162 265 445 833 1190 1538
2002 2075 1847 1581 1259 749 467 287 144 83 48 28 12 4 1 0 3 9 21 36 74 141 216 346 570 1040 1407 1706