0 1 4 10 22 21 9 3
2 6 14 29 13 5 1 0
3 7 15 30 20 8 2 0
5 11 23 43 28 12 4 1
8 16 31 56 41 18 6 2
9 17 32 57 42 19 7 3
12 24 44 79 54 26 10 4
13 25 45 80 55 27 11 5
18 33 58 102 75 37 14 6
19 34 59 103 76 38 15 7
20 35 60 104 77 39 16 8
21 36 61 105 78 40 17 9
26 46 81 142 98 50 22 10
27 47 82 143 99 51 23 11
28 48 83 144 100 52 24 12
29 49 84 145 101 53 25 13
37 62 106 181 97 49 29 14
38 63 107 182 135 68 30 15
39 64 108 183 136 69 31 16
40 65 109 184 137 70 32 17
41 66 110 185 138 71 33 18
42 67 111 186 139 72 34 19
20 30 68 112 187 140 73 35
21 22 50 85 146 141 74 36
51 86 147 250 175 91 43 23
52 87 148 251 176 92 44 24
53 88 149 252 177 93 45 25
54 89 150 253 178 94 46 26
55 90 151 254 179 95 47 27
28 43 91 152 255 180 96 48
69 113 188 318 238 123 56 31
70 114 189 319 239 124 57 32
71 115 190 320 240 125 58 33
72 116 191 321 241 126 59 34
73 117 192 322 242 127 60 35
74 118 193 323 243 128 61 36
75 119 194 324 244 129 62 37
76 120 195 325 245 130 63 38
77 121 196 326 246 131 64 39
78 122 197 327 247 132 65 40
41 56 123 198 328 248 133 66
42 57 124 199 329 249 134 67
92 153 256 436 306 163 79 44
93 154 257 437 307 164 80 45
94 155 258 438 308 165 81 46
95 156 259 439 309 166 82 47
96 157 260 440 310 167 83 48
97 158 261 441 311 168 84 49
98 159 262 442 312 169 85 50
99 160 263 443 313 170 86 51
100 161 264 444 314 171 87 52
101 162 265 445 315 172 88 53
54 79 163 266 446 316 173 89
55 80 164 267 447 317 174 90
125 200 330 554 415 217 102 58
126 201 331 555 416 218 103 59
127 202 332 556 417 219 104 60
128 203 333 557 418 220 105 61
129 204 334 558 419 221 106 62
130 205 335 559 420 222 107 63
131 206 336 560 421 223 108 64
132 207 337 561 422 224 109 65
133 208 338 562 423 225 110 66
134 209 339 563 424 226 111 67
135 210 340 564 425 227 112 68
136 211 341 565 426 228 113 69
137 212 342 566 427 229 114 70
138 213 343 567 428 230 115 71
139 214 344 568 429 231 116 72
140 215 345 569 430 232 117 73
141 216 346 570 431 233 118 74
75 102 217 347 571 432 234 119
76 103 218 348 572 433 235 120
77 104 219 349 573 434 236 121
78 105 220 350 574 435 237 122
165 268 448 730 533 285 142 81
166 269 449 731 534 286 143 82
167 270 450 732 535 287 144 83
168 271 451 733 536 288 145 84
169 272 452 734 537 289 146 85
170 273 453 735 538 290 147 86
171 274 454 736 539 291 148 87
172 275 455 737 540 292 149 88
173 276 456 738 541 293 150 89
174 277 457 739 542 294 151 90
175 278 458 740 543 295 152 91
176 279 459 741 544 296 153 92
177 280 460 742 545 297 154 93
178 281 461 743 546 298 155 94
179 282 462 744 547 299 156 95
180 283 463 745 548 300 157 96
181 284 464 746 549 301 158 97
98 142 285 465 747 550 302 159
99 143 286 466 748 551 303 160
100 144 287 467 749 552 304 161
101 145 288 468 750 553 305 162
221 351 575 905 532 284 181 106
222 352 576 906 701 380 182 107
223 353 577 907 702 381 183 108
224 354 578 908 703 382 184 109
225 355 579 909 704 383 185 110
226 356 580 910 705 384 186 111
227 357 581 911 706 385 187 112
228 358 582 912 707 386 188 113
229 359 495 874 708 387 189 114
230 360 583 800 524 388 190 115
231 361 584 913 688 389 191 116
232 362 585 914 709 390 192 117
233 363 586 915 710 391 193 118
234 364 587 916 711 392 194 119
235 365 588 917 712 393 195 120
236 366 589 755 473 394 196 121
237 367 590 918 613 395 197 122
238 368 591 919 713 396 198 123
239 369 592 920 714 397 199 124
240 370 593 921 715 398 200 125
241 371 528 901 716 399 201 126
242 372 594 922 717 400 202 127
243 373 595 923 718 401 203 128
244 374 596 924 719 402 204 129
245 375 597 925 720 403 205 130
246 376 598 926 721 404 206 131
247 377 477 859 722 405 207 132
248 378 599 785 506 406 208 133
249 379 600 927 664 407 209 134
135 182 380 601 928 723 408 210
136 183 381 602 929 724 409 211
137 184 382 603 930 725 410 212
138 185 383 604 931 726 411 213
139 186 384 605 932 727 412 214
140 187 385 606 933 728 413 215
141 146 289 469 751 729 414 216
290 470 752 1122 877 498 250 147
291 471 753 1123 878 499 251 148
292 472 754 1124 879 500 252 149
293 473 755 1125 880 501 253 150
294 474 756 1126 881 502 254 151
295 475 757 1127 882 503 255 152
296 476 758 1128 883 504 256 153
297 477 377 698 884 505 257 154
298 478 759 624 406 506 258 155
299 479 760 1129 864 507 259 156
300 480 761 1130 885 508 260 157
301 481 762 1131 886 509 261 158
302 482 763 1132 887 510 262 159
303 483 764 1133 888 511 263 160
304 484 765 579 355 512 264 161
305 485 766 1134 789 513 265 162
306 486 767 1135 889 514 266 163
307 487 768 1136 890 515 267 164
308 488 769 1137 891 516 268 165
309 489 410 725 892 517 269 166
310 490 770 1138 893 518 270 167
311 491 771 1139 894 519 271 168
312 492 772 1140 895 520 272 169
313 493 773 1141 896 521 273 170
314 494 774 1142 897 522 274 171
315 495 359 683 898 523 275 172
316 496 775 609 388 524 276 173
317 497 776 1143 840 525 277 174
175 250 498 777 1144 899 526 278
176 251 499 778 1145 900 527 279
177 252 500 779 1146 901 528 280
178 253 501 780 1147 902 529 281
179 254 502 781 1148 903 530 282
180 255 503 782 1149 904 531 283
386 607 934 1338 1086 648 318 188
387 608 935 1339 1087 649 319 189
388 609 936 1340 1088 650 320 190
389 610 937 1341 1089 651 321 191
390 611 938 1342 1090 652 322 192
391 612 939 1343 1091 653 323 193
392 613 918 1344 1092 654 324 194
393 542 739 1249 1093 655 325 195
394 614 940 1317 1094 656 326 196
395 615 941 1345 1095 657 327 197
396 616 942 1283 1096 658 328 198
397 617 943 1346 1097 659 329 199
398 618 944 1347 1098 660 330 200
399 619 820 1298 1099 661 331 201
400 462 282 530 805 662 332 202
401 598 376 697 865 663 333 203
402 620 819 625 407 664 334 204
403 621 862 480 300 548 335 205
404 622 860 1210 863 665 336 206
405 623 945 1348 1071 666 337 207
406 624 946 1349 1100 667 338 208
407 625 947 1310 1101 668 339 209
408 626 948 1350 1102 669 340 210
409 627 949 1225 770 490 341 211
410 489 870 1215 958 638 342 212
411 628 950 580 356 670 343 213
412 629 838 450 270 518 344 214
413 630 951 1155 788 671 345 215
414 631 952 1351 984 672 346 216
415 632 953 1352 1103 673 347 217
416 633 954 1353 1104 674 348 218
417 634 955 1354 1105 675 349 219
418 635 956 1355 1106 676 350 220
419 636 957 1356 1107 677 351 221
420 637 871 1332 1108 678 352 222
421 483 303 551 821 679 353 223
422 627 409 724 1019 680 354 224
423 638 958 1274 790 512 355 225
424 511 888 1226 985 670 356 226
425 639 959 1357 1109 681 357 227
426 640 960 1184 1110 682 358 228
427 641 961 1358 1111 683 359 229
428 642 962 1359 994 684 360 230
429 643 796 1161 799 685 361 231
430 453 273 521 797 686 362 232
431 582 358 682 841 687 363 233
432 644 795 610 389 688 364 234
433 645 855 471 291 539 365 235
434 646 963 1196 839 689 366 236
435 647 964 1360 1049 690 367 237
238 318 648 965 1361 1112 691 368
239 319 649 966 1218 1113 692 369
240 320 650 967 1362 1114 693 370
241 321 651 968 1176 1115 694 371
242 322 652 969 1251 741 459 372
243 323 653 970 1363 921 593 373
244 324 654 971 1364 1116 695 374
245 325 655 972 1365 1117 696 375
246 326 656 973 1366 1118 697 376
247 327 657 974 1367 1119 698 377
248 328 658 975 1368 1120 699 378
249 329 659 976 1369 1121 700 379
504 783 1150 1509 1302 824 436 256
505 784 1151 1510 1303 825 437 257
506 785 1152 1511 1304 826 438 258
507 786 1153 1512 1305 827 439 259
508 787 1154 1513 1306 828 440 260
509 788 1155 1514 1307 829 441 261
510 789 1134 1515 1308 830 442 262
511 424 563 1033 1309 831 443 263
512 790 1156 1101 1310 832 444 264
513 791 1157 1516 1311 833 445 265
514 792 1158 1067 1312 834 446 266
515 793 1159 1517 1313 835 447 267
516 794 1160 1518 1314 836 448 268
517 795 644 1082 1315 837 449 269
519 774 494 873 689 839 451 271
520 796 643 801 525 840 452 272
522 798 684 994 687 841 454 274
523 799 1161 1519 1287 842 455 275
524 800 1162 1520 1316 843 456 276
525 801 1163 1094 1317 844 457 277
526 802 1164 1521 1318 845 458 278
527 803 1165 1009 594 372 459 279
528 371 694 999 1174 814 460 280
529 804 1166 756 474 846 461 281
531 806 1167 939 612 847 463 283
532 807 1168 1522 1200 848 464 284
533 808 1169 1523 1319 849 465 285
534 809 1170 1524 1320 850 466 286
535 810 1171 1525 1321 851 467 287
536 811 1172 1526 1322 852 468 288
537 812 1173 1527 1323 853 469 289
538 813 695 1116 1324 854 470 290
540 803 527 900 1235 856 472 292
541 814 1174 1058 614 394 473 293
542 393 712 1010 1201 846 474 294
543 815 1175 1528 1325 857 475 295
544 816 1176 968 1326 858 476 296
545 817 1177 1529 1327 859 477 297
546 818 1178 1530 1210 860 478 298
547 819 620 945 623 861 479 299
549 758 476 858 665 863 481 301
550 820 619 786 507 864 482 302
552 822 1179 980 663 865 484 304
553 823 1180 1531 1265 866 485 305
306 436 824 1181 1532 1328 867 486
307 437 825 1182 1002 1329 868 487
308 438 826 1183 1533 1330 869 488
309 439 827 1184 960 1331 870 489
310 440 828 1185 1035 565 341 490
311 441 829 1186 1534 1137 769 491
312 442 830 1187 1535 1332 871 492
313 443 831 1188 1536 1333 872 493
314 444 832 1189 1537 1334 873 494
315 445 833 1190 1538 1335 874 495
316 446 834 1191 1539 1336 875 496
317 447 835 1192 1540 1337 876 497
660 977 1370 1680 1485 1024 554 330
661 978 1371 1681 1486 1025 555 331
662 979 1372 1682 1487 1026 556 332
663 980 1373 1683 1488 1027 557 333
664 927 1374 1684 1489 1028 558 334
335 548 745 1255 1577 1490 1029 559
665 858 1326 1610 1491 1030 560 336
666 981 1278 1669 1492 1031 561 337
667 982 1277 1589 1272 1032 562 338
668 983 1375 1685 1463 1033 563 339
669 984 1351 1686 1493 1034 564 340
638 423 562 1032 1401 1036 566 342
670 985 1214 885 1130 1037 567 343
344 518 893 1231 1100 1349 1038 568
671 986 1376 1687 1441 1039 569 345
672 987 1377 1566 1237 1040 570 346
673 988 1378 1068 1236 1041 571 347
674 989 1209 854 1324 1042 572 348
675 990 1379 1688 1494 1043 573 349
676 991 1380 1689 1495 1044 574 350
677 992 1381 1690 1496 1045 575 351
678 993 1382 1691 1497 1046 576 352
679 855 645 1083 1428 1047 577 353
680 775 496 875 1217 1048 578 354
681 962 642 995 690 1049 581 357
684 798 685 799 523 898 583 360
685 798 522 897 686 797 584 361
686 897 1142 1624 1475 1050 585 362
687 994 1359 1692 1476 1051 586 363
688 913 1383 1693 1392 1052 587 364
365 539 736 1246 1529 1177 1053 588
689 873 1334 1095 1345 1054 589 366
690 995 1223 881 1126 1055 590 367
691 996 1384 1572 1248 1056 591 368
692 997 1325 1528 1450 1057 592 369
693 998 1201 1010 595 373 593 370
695 813 1295 940 614 1058 596 374
696 1000 1385 941 615 1059 597 375
699 1001 1264 754 472 856 599 378
700 1002 1182 938 611 1060 600 379
701 1003 1386 1694 1418 1061 601 380
702 1004 1387 1695 1498 1062 602 381
703 1005 1221 1651 1499 1063 603 382
704 1006 1388 1591 1280 1064 604 383
705 1007 1389 1696 1468 1065 605 384
706 1008 1390 1697 1500 1066 606 385
707 1000 696 1117 1312 1067 607 386
708 804 529 902 1236 1068 608 387
709 998 693 1114 1419 1060 611 390
710 999 694 1115 1202 847 612 391
711 1009 1165 1059 615 395 613 392
713 1011 1391 1521 1164 1069 616 396
714 1012 1252 1572 1384 1070 617 397
715 1013 1145 778 1278 981 618 398
716 1014 1362 967 1153 786 619 399
717 1015 1316 1520 1254 744 462 400
718 1016 1392 1693 1453 926 598 401
719 1017 1393 1698 1348 945 620 402
720 1018 1394 1554 1129 760 621 403
721 862 621 760 479 861 622 404
722 759 478 860 622 861 623 405
723 944 618 981 666 1071 626 408
726 1020 1284 784 505 884 628 411
727 1021 1395 979 662 805 629 412
728 1022 1396 1699 1459 1072 630 413
729 1023 1397 1700 1460 1073 631 414
415 554 1024 1398 1701 1501 1074 632
416 555 1025 1399 1702 1502 1075 633
417 556 1026 1167 806 1288 1076 634
418 557 1027 1264 1001 1477 1077 635
419 558 1028 1263 1599 1503 1078 636
420 559 1029 1400 1703 1504 1079 637
560 1030 1358 961 1269 764 483 421
422 561 1031 1141 773 1275 949 627
425 564 1034 1402 1704 1356 957 639
426 565 1035 1403 1705 1435 1080 640
427 566 1036 1228 1561 1224 1081 641
428 567 1037 1404 1560 1223 995 642
429 568 1038 1405 1633 1163 801 643
569 1039 1406 1661 1245 735 453 430
431 570 1040 1407 1706 1448 912 582
432 571 1041 1408 1707 1505 1082 644
433 572 1042 1409 1708 1506 1083 645
434 573 1043 1410 1709 1507 1084 646
435 574 1044 1411 1710 1508 1085 647
836 1193 1541 1818 1656 1240 730 448
837 1194 1542 1819 1657 1241 731 449
838 1195 1543 1820 1658 1242 732 450
839 1196 1544 1821 1659 1243 733 451
840 1143 1545 1822 1660 1244 734 452
841 682 1110 1439 1662 1246 736 454
842 1197 1062 1498 1663 1247 737 455
843 1198 1061 1418 1056 1248 738 456
844 1199 1546 1823 1634 1249 739 457
845 1200 1522 1824 1664 1250 740 458
814 541 738 1248 1572 1252 742 460
846 1201 998 709 914 1253 743 461
847 1202 1547 1825 1612 1255 745 463
848 1203 1548 1395 1021 1256 746 464
849 1204 1549 1284 1020 1257 747 465
850 1205 993 678 1108 1258 748 466
851 1206 1550 1826 1665 1259 749 467
852 1207 1551 1827 1666 1260 750 468
853 1208 1552 1828 1667 1261 751 469
854 1209 1553 1829 1668 1262 752 470
855 679 821 1299 1599 1263 753 471
857 1178 818 1211 866 1265 757 475
862 721 926 1453 1646 1266 761 480
863 1210 1530 1830 1647 1267 762 481
864 1129 1554 1831 1563 1268 763 482
865 697 1118 1311 1516 1270 765 484
866 1211 1007 705 910 1271 766 485
867 1212 1555 1401 1032 1272 767 486
868 1213 1109 1357 1621 1273 768 487
869 1214 985 1226 771 491 769 488
871 637 1079 1156 790 1274 772 492
872 1216 1556 1157 791 1275 773 493
876 1218 966 1154 787 1276 776 497
877 1219 1557 1832 1589 1277 777 498
878 1220 1558 1833 1669 1278 778 499
879 1221 1005 1480 1670 1279 779 500
880 1222 1559 1420 1064 1280 780 501
881 1223 1560 1834 1639 1281 781 502
882 1224 1561 1835 1671 1282 782 503
883 1216 872 1333 1096 1283 783 504
885 1214 869 1330 1590 1276 787 508
886 1215 870 1331 986 671 788 509
887 1225 949 1275 791 513 789 510
889 1227 1562 1350 948 1285 792 514
890 1228 1036 1401 1555 1286 793 515
891 1229 929 602 1062 1197 794 516
892 1230 1533 1183 937 610 795 517
894 1232 1563 1831 1624 1142 774 519
895 1233 1564 1836 1519 1161 796 520
896 1234 1565 1383 913 584 797 521
899 1160 794 1197 842 1287 802 526
903 1237 1566 1195 838 629 805 530
904 1238 1567 1837 1630 1288 806 531
905 1239 1568 1838 1631 1289 807 532
533 730 1240 1569 1839 1672 1290 808
534 731 1241 1570 1840 1673 1291 809
535 732 1242 951 630 1072 1292 810
536 733 1243 1048 1217 1648 1293 811
537 734 1244 1047 1428 1674 1294 812
538 735 1245 1571 1841 1675 1295 813
540 737 1247 925 597 1059 1165 803
543 740 1250 1573 1842 1527 1173 815
544 741 1251 1574 1843 1606 1296 816
545 742 1252 1012 1390 1008 1297 817
546 743 1253 1575 1389 1007 1211 818
547 744 1254 1576 1462 947 625 819
549 746 1256 1578 1844 1619 1128 758
550 747 1257 1579 1845 1676 1298 820
551 748 1258 1580 1846 1677 1299 821
552 749 1259 1581 1847 1678 1300 822
553 750 1260 1582 1848 1679 1301 823
1045 1412 1711 1955 1655 1239 905 575
1046 1413 1712 1956 1802 1444 906 576
1047 1244 1660 1895 1803 1445 907 577
1048 1243 1659 1894 1804 1446 908 578
579 765 1270 1587 1853 1744 1447 909
950 1414 1713 1927 1588 1271 910 580
1049 1360 1714 1922 1542 1194 911 581
898 683 1111 1440 1632 1162 800 583
1050 1415 1063 1499 1575 1253 914 585
1051 1205 850 1320 1607 1449 915 586
1052 1204 849 1319 1057 1450 916 587
1053 1203 848 1200 845 1318 917 588
1054 1416 1715 1882 1618 1125 755 589
1055 1417 1716 1957 1771 1344 918 590
1056 1418 1694 1958 1805 1451 919 591
1057 1319 1523 1911 1806 1452 920 592
1009 711 916 1450 1528 1175 922 594
1010 712 917 1318 1521 1391 923 595
1058 1174 999 710 915 1449 924 596
856 1235 1609 1841 1571 1152 785 599
1060 1419 1717 1959 1732 1374 927 600
1061 1198 1635 1179 822 1300 928 601
1063 1415 992 677 1107 1437 930 603
1064 1420 1718 1934 1807 1454 931 604
1065 1421 1719 1960 1808 1455 932 605
1066 1422 1720 1961 1809 1456 933 606
1067 1158 1630 1837 1810 1457 934 607
1068 1378 1721 1962 1811 1458 935 608
609 775 680 1019 1438 1703 1400 936
1069 1393 1017 1292 1072 1459 942 616
1070 1394 1018 1423 1073 1460 943 617
624 759 722 859 1327 1611 1461 946
1071 1348 1698 1836 1564 1285 948 626
628 884 698 1119 1441 1687 1414 950
1073 1423 1006 704 909 1447 952 631
1074 1424 1605 1309 1033 1463 953 632
1075 1425 1637 1185 828 1306 954 633
1076 1233 895 1140 1620 1436 955 634
1077 1232 894 1139 1562 1227 956 635
1078 1231 893 1138 959 639 957 636
1080 1426 1722 1376 986 1331 960 640
1081 1427 1723 1377 987 1269 961 641
1084 1144 777 1277 982 1464 963 646
1085 1361 965 1375 983 1465 964 647
1086 1429 1724 1963 1685 1375 965 648
1087 1430 1725 1907 1513 1154 966 649
1088 1431 1726 1906 1512 1153 967 650
1089 1432 1604 1888 1610 1326 968 651
1090 1170 809 1291 1596 1466 969 652
1091 1387 1004 1479 1640 1467 970 653
1092 1433 1603 1421 1065 1468 971 654
1093 1434 1644 1206 851 1321 972 655
1094 1163 1633 1881 1638 1469 973 656
1095 1334 1537 1917 1790 1470 974 657
1096 1333 1536 1916 1812 1471 975 658
1097 1435 1705 1964 1813 1472 976 659
1098 1426 1080 1435 1097 1346 977 660
1099 1427 1081 1224 882 1127 978 661
1100 1231 1078 1503 1745 1464 982 667
1101 1156 1079 1504 1746 1465 983 668
1102 1133 764 1269 987 672 984 669
1103 1273 1621 1132 763 1268 988 673
1104 1436 1620 1131 762 1267 989 674
1105 1188 831 1309 1605 1473 990 675
1106 1403 1035 1185 1637 1474 991 676
1109 1213 1647 1830 1692 1359 962 681
1112 1381 992 1415 1050 1475 996 691
1113 1382 993 1205 1051 1476 997 692
1120 1442 1727 1962 1721 1477 1001 699
1121 1443 1728 1829 1553 1329 1002 700
701 906 1444 1729 1965 1787 1478 1003
702 907 1445 1730 1966 1814 1479 1004
703 908 1446 1731 1891 1815 1480 1005
706 911 1194 837 1315 1598 1297 1008
707 912 1448 1732 1959 1742 1385 1000
874 1335 1612 1825 1585 1166 804 708
713 919 1451 1733 1914 1526 1172 1011
714 920 1452 1734 1967 1697 1390 1012
715 921 1363 1735 1968 1759 1481 1013
716 901 1146 1608 1874 1760 1482 1014
717 922 1175 815 1173 812 1294 1015
718 923 1391 1011 1172 811 1293 1016
719 924 1449 1607 1171 810 1292 1017
720 925 1247 1663 1388 1006 1423 1018
723 928 1300 1678 1901 1772 1347 944
724 929 1229 1652 1889 1799 1438 1019
930 1437 1736 1898 1653 1230 892 725
726 931 1454 1737 1931 1579 1257 1020
727 932 1455 1738 1930 1578 1256 1021
728 933 1456 1739 1969 1816 1483 1022
729 751 1261 1583 1849 1817 1484 1023
1262 1584 1850 2022 1940 1615 1122 752
1263 1028 1489 1757 1941 1616 1123 753
1264 1027 1488 1756 1942 1617 1124 754
1166 1585 1851 1789 1417 1055 1126 756
1265 1531 1852 1784 1371 978 1127 757
1266 1586 1279 1670 1404 1037 1130 761
1271 1588 1854 2023 1909 1515 1134 766
1272 1589 1832 2024 1943 1622 1135 767
1273 1103 1352 1773 1944 1623 1136 768
1225 887 1132 1621 1357 959 1138 770
1226 888 1133 1102 1350 1562 1139 771
1274 958 1215 886 1131 1620 1140 772
1276 1590 1855 2025 1870 1545 1143 776
1279 1586 1208 853 1323 1608 1146 779
1280 1591 1856 1796 1945 1625 1147 780
1281 1592 1857 2026 1946 1626 1148 781
1282 1593 1858 2027 1947 1627 1149 782
1283 942 1459 1699 1948 1628 1150 783
1284 1549 1859 2028 1949 1629 1151 784
1285 1564 1233 1076 1288 1630 1158 792
1286 1565 1234 1594 1289 1631 1159 793
1287 1519 1836 1698 1393 1069 1164 802
1289 1594 1222 880 1125 1618 1168 807
1290 1595 1434 1093 1249 1634 1169 808
1296 1597 1860 1547 1202 1115 1176 816
1297 1598 1861 1548 1203 1053 1177 817
1301 1532 1181 1546 1199 1636 1180 823
1302 1600 1862 2029 1823 1546 1181 824
1303 1601 1863 1769 1342 938 1182 825
1304 1602 1864 1768 1341 937 1183 826
1305 1603 1433 1750 1439 1110 1184 827
1307 1558 1220 1650 1469 1638 1186 829
1308 1604 1432 1592 1281 1639 1187 830
1310 947 1462 1743 1467 1640 1189 832
1311 1118 1366 1779 1928 1641 1190 833
1312 1117 1365 1778 1950 1642 1191 834
1313 1606 1843 2030 1951 1643 1192 835
1314 1597 1296 1606 1313 1517 1193 836
1316 1015 1294 1674 1883 1635 1198 843
1317 940 1295 1675 1884 1636 1199 844
1322 1574 1251 969 1466 1645 1207 852
1325 997 1476 1692 1830 1530 1178 857
1328 1552 1208 1586 1266 1646 1212 867
1329 1553 1209 989 1267 1647 1213 868
1336 1613 1865 2028 1859 1648 1217 875
1337 1614 1866 1691 1382 1113 1218 876
877 1122 1615 1867 2031 1925 1649 1219
878 1123 1616 1868 2032 1952 1650 1220
879 1124 1617 1869 1753 1953 1651 1221
883 1128 1619 1870 2025 1880 1556 1216
889 1135 1622 1871 1776 1355 956 1227
890 1136 1623 1872 2033 1835 1561 1228
891 1137 1534 1873 2034 1897 1652 1229
896 1141 1031 1492 1559 1222 1594 1234
899 1144 1084 1507 1763 1910 1518 1160
900 1145 1013 1481 1751 1937 1609 1235
902 1147 1625 1875 1793 1408 1041 1236
903 1148 1626 1876 1792 1407 1040 1237
904 1149 1627 1877 2035 1954 1654 1238
1457 1740 1970 2088 2017 1765 1338 934
1458 1741 1902 2082 2018 1766 1339 935
1400 1029 1490 1758 1981 1767 1340 936
939 1167 1026 1487 1755 1980 1770 1343
1385 1742 1971 1788 1416 1054 1345 941
1460 1700 1938 1783 1370 977 1346 943
1461 1645 1466 1596 1405 1038 1349 946
1242 1658 1893 2046 1908 1514 1155 951
1447 1744 1972 2089 2007 1686 1351 952
1463 1685 1963 2090 2001 1773 1352 953
954 1306 1513 1907 2045 1892 1774 1353
1436 1104 1353 1774 1986 1775 1354 955
1464 1745 1973 2087 1924 1544 1196 963
1465 1746 1974 2048 1899 1714 1360 964
1467 1743 1422 1066 1500 1735 1363 970
1468 1696 1887 1643 1951 1777 1364 971
972 1321 1525 1913 1795 2019 1778 1365
1469 1650 1952 2042 1886 1779 1366 973
1470 1747 1975 2091 1999 1780 1367 974
1471 1748 1976 2057 1919 1781 1368 975
1472 1749 1977 2092 2008 1782 1369 976
1395 1548 1861 2062 2020 1785 1372 979
980 1179 1635 1883 2039 2021 1786 1373
988 1268 1563 1232 1077 1477 1721 1378
1473 1662 1439 1750 1478 1787 1379 990
1474 1632 1440 1595 1290 1672 1380 991
1475 1624 1831 1554 1394 1070 1384 996
1478 1750 1433 1092 1344 1771 1386 1003
1482 1752 1978 1717 1419 1114 1362 1014
1016 1293 1648 1859 1549 1204 1052 1392
1483 1701 1398 1715 1416 1788 1396 1022
1484 1702 1399 1716 1417 1789 1397 1023
1485 1753 1869 2038 1882 1715 1398 1024
1486 1754 1979 2093 1957 1716 1399 1025
1491 1644 1434 1595 1440 1111 1358 1030
1493 1726 1431 1747 1470 1790 1402 1034
1441 1119 1367 1780 1990 1791 1406 1039
1042 1324 1116 1364 1777 1989 1794 1409
1494 1759 1968 2094 2019 1795 1410 1043
1495 1760 1874 2069 1945 1796 1411 1044
1496 1751 1481 1759 1494 1688 1412 1045
1497 1752 1482 1760 1495 1689 1413 1046
1501 1551 1207 1645 1461 1611 1424 1074
1502 1720 1422 1743 1462 1576 1425 1075
1505 1761 1982 2062 1861 1598 1315 1082
1506 1762 1983 2039 1883 1674 1428 1083
1508 1764 1879 1690 1381 1112 1361 1085
1086 1338 1765 1984 2095 2013 1797 1429
1087 1339 1766 1904 2084 2014 1798 1430
1088 1340 1767 1985 2096 1975 1747 1431
1089 1341 1768 1936 2080 1857 1592 1432
1342 1769 1979 1754 1912 1524 1170 1090
1091 1343 1770 1862 1600 1935 1695 1387
1098 1347 1772 1924 2087 1995 1722 1426
1099 1298 1676 1899 2048 1996 1723 1427
1354 1775 1933 2085 1916 1536 1188 1105
1106 1355 1776 1987 2097 1964 1705 1403
1107 1356 1704 1988 2098 2003 1736 1437
1332 1535 1915 2055 1932 1580 1258 1108
1120 1368 1781 1991 2059 1921 1800 1442
1121 1369 1782 1992 2099 2011 1801 1443
1628 1878 2036 2115 2083 1903 1509 1150
1629 1879 1764 2016 2084 1904 1510 1151
1571 1245 1661 1896 2047 1905 1511 1152
1556 1880 2037 1926 1587 1270 1516 1157
1631 1838 1800 1921 1541 1193 1517 1159
1632 1474 1637 1425 1576 1254 1520 1162
1618 1882 2038 2116 2073 1824 1522 1168
1634 1823 2029 2117 2067 1911 1523 1169
1607 1320 1524 1912 2052 1913 1525 1171
1636 1884 2040 1982 1761 1852 1531 1180
1638 1881 1593 1282 1671 1873 1534 1186
1639 1834 1749 1472 1813 1915 1535 1187
1640 1479 1814 1976 1748 1917 1537 1189
1641 1885 2041 2118 2065 1918 1538 1190
1642 1886 2042 1991 1781 1919 1539 1191
1643 1887 2043 2119 2074 1920 1540 1192
1566 1377 1723 1996 2086 1923 1543 1195
1644 1491 1610 1888 1649 1925 1550 1206
1646 1453 1693 1383 1565 1286 1555 1212
1649 1888 1604 1308 1515 1909 1557 1219
1653 1890 2044 1855 1590 1330 1533 1230
1654 1839 1569 1853 1587 1926 1567 1238
1655 1840 1570 1854 1588 1927 1568 1239
1656 1891 1731 1972 1744 1853 1569 1240
1657 1892 2045 2120 2023 1854 1570 1241
1662 1473 1605 1424 1611 1327 1529 1246
1664 1864 1602 1885 1641 1928 1573 1250
1612 1335 1538 1918 2056 1929 1577 1255
1665 1897 2034 2121 2085 1933 1581 1259
1666 1898 1736 2003 1807 1934 1582 1260
1667 1889 1652 1897 1665 1826 1583 1261
1668 1890 1653 1898 1666 1827 1584 1262
1673 1858 1593 1881 1633 1405 1596 1291
1677 1900 2049 1973 1745 1503 1599 1299
1679 1902 1741 1828 1552 1328 1532 1301
1302 1509 1903 2050 2122 2079 1935 1600
1303 1510 1904 1766 2018 2080 1936 1601
1304 1511 1905 2051 2123 2041 1885 1602
1305 1512 1906 1798 2014 1719 1421 1603
1307 1514 1908 1724 1429 1797 1833 1558
1314 1518 1910 1786 2021 2061 1860 1597
1322 1526 1914 2053 2124 2030 1843 1574
1323 1527 1842 2054 2125 2069 1874 1608
1336 1539 1919 2057 1993 1783 1938 1613
1337 1540 1920 2058 2126 2077 1939 1614
1783 1993 2100 2142 2113 2004 1680 1370
1784 1994 2070 2140 2114 2005 1681 1371
1785 1866 1614 1939 2031 1867 1682 1372
1786 1910 1763 2015 2095 1984 1683 1373
1732 1448 1706 2002 2106 2006 1684 1374
1722 1995 2101 2012 1713 1414 1687 1376
1787 1965 1801 2011 1711 1412 1688 1379
1380 1672 1839 1654 1954 1712 1413 1689
1771 1957 2093 2143 2111 1958 1694 1386
1663 1498 1695 1935 2079 1856 1591 1388
1389 1575 1499 1651 1953 2043 1887 1696
1788 1971 2102 1983 1762 1948 1699 1396
1789 1851 2078 1865 1613 1938 1700 1397
1790 1917 1748 1471 1812 1988 1704 1402
1670 1480 1815 1977 1749 1834 1560 1404
1791 1997 2103 2131 2064 1896 1661 1406
1792 1998 2104 2135 2075 2002 1706 1407
1793 1999 2091 1992 1782 2008 1707 1408
1794 1946 2026 1877 1627 1947 1708 1409
1795 1913 2052 2133 2068 2009 1709 1410
1796 1856 2079 2122 2081 2010 1710 1411
1420 1559 1492 1669 1833 1797 2013 1718
1798 1906 1726 1493 1686 2007 1725 1430
1799 2000 2105 1974 1746 1504 1703 1438
1800 1838 1568 1927 1713 2012 1727 1442
1801 1965 1729 1820 1543 1923 1728 1443
1802 1966 1730 1893 1658 1820 1729 1444
1803 1943 2024 2138 2046 1893 1730 1445
1804 2001 2090 2144 2089 1972 1731 1446
1805 1941 1757 1997 1791 1990 1733 1451
1806 1981 1758 1998 1792 1876 1734 1452
1807 2003 2098 2145 2097 1987 1737 1454
1808 1932 2055 2134 2033 1872 1738 1455
1809 1846 1580 1932 1808 1960 1739 1456
1810 1900 1677 1846 1809 1961 1740 1457
1811 2000 1799 1889 1667 1828 1741 1458
1816 1850 1584 1827 1551 1501 1701 1483
1817 1970 1740 1961 1720 1502 1702 1484
1485 1680 2004 2060 2119 2043 1953 1753
1486 1681 2005 2072 2133 2052 1912 1754
1487 1682 1867 1615 1940 2032 1868 1755
1488 1683 1984 1765 2017 2096 1985 1756
1489 1684 2006 2071 2141 2103 1997 1757
1490 1577 1929 2063 2130 2104 1998 1758
1496 1690 1879 1629 1949 2066 1937 1751
1497 1691 1866 1785 2020 2110 1978 1752
1500 1697 1967 2107 2146 2094 1968 1735
1505 1707 2008 2092 1994 1784 1852 1761
1506 1708 1947 2027 1878 1628 1948 1762
1507 1709 2009 2108 2136 2076 2015 1763
1508 1710 2010 2109 2147 2112 2016 1764
1921 2059 2127 2151 2140 2070 1818 1541
1922 2060 2004 2113 2141 2071 1819 1542
1924 1772 1901 2081 2122 2050 1821 1544
1870 1619 1844 2068 2133 2072 1822 1545
1860 2061 2128 2078 1851 1585 1825 1547
1925 2031 1939 2077 1849 1583 1826 1550
1909 2023 2120 2152 2138 2024 1832 1557
1926 2037 2129 2049 1900 1810 1837 1567
1928 1779 1886 1642 1950 2054 1842 1573
1930 2064 2131 2108 2009 2068 1844 1578
1931 2065 2118 2058 1920 2074 1845 1579
1933 1775 1986 2106 2002 2075 1847 1581
1934 1718 2013 2095 2015 2076 1848 1582
1936 1768 1864 1664 1824 2073 1863 1601
1937 2066 2132 2040 1884 1675 1841 1609
1941 1805 1958 2111 1980 1755 1868 1616
1942 2067 2117 2153 2116 2038 1869 1617
1943 1803 1895 2063 1929 2056 1871 1622
1944 2047 1896 2064 1930 1738 1872 1623
1945 2069 2125 2154 2124 2053 1875 1625
1946 1794 1989 2107 1967 1734 1876 1626
1955 2036 1878 2027 1858 1673 1840 1655
1656 1818 2070 1994 2092 1977 1815 1891
1657 1819 2071 2006 2106 1986 1774 1892
1659 1821 2050 1903 2083 2123 2051 1894
1660 1822 2072 2005 2114 2130 2063 1895
1668 1829 1728 1923 2086 2137 2044 1890
1671 1835 2033 2134 2155 2121 2034 1873
1676 1845 2074 2119 2060 1922 1714 1899
1678 1847 2075 2135 2109 2010 2081 1901
1679 1848 2076 2136 2156 2139 2082 1902
2011 2099 2148 2157 2115 2036 1955 1711
1712 1954 2035 2139 2156 2142 2100 1956
1978 2110 2149 2102 1971 1742 1959 1717
2014 2084 2016 2112 1969 1739 1960 1719
1724 1908 2046 2138 2152 2144 2090 1963
2007 2089 2144 2152 2120 2045 1907 1725
2012 2101 2150 2105 2000 1811 1962 1727
1990 1780 1999 1793 1875 2053 1914 1733
1987 1776 1871 2056 1918 2065 1931 1737
1985 1767 1981 1806 1911 2067 1942 1756
1769 1863 2073 2116 2153 2143 2093 1979
1980 2111 2143 2153 2117 2029 1862 1770
2001 1804 1894 2051 1905 2047 1944 1773
1777 1951 2030 2124 2154 2146 2107 1989
2019 2094 2146 2154 2125 2054 1950 1778
1802 1956 2100 1993 2057 1976 1814 1966
1812 1916 2085 2121 2155 2145 2098 1988
1964 2097 2145 2155 2134 2055 1915 1813
1969 2112 2147 2151 2127 2022 1850 1816
1817 1849 2077 2126 2157 2148 2088 1970
2044 2137 2158 2129 2037 1880 2025 1855
2080 2018 2082 2139 2035 1877 2026 1857
2078 2128 2159 2132 2066 1949 2028 1865
1940 2022 2127 2059 1991 2042 1952 2032
1973 2049 2129 2158 2150 2101 1995 2087
2105 2150 2158 2137 2086 1996 2048 1974
2096 2017 2088 2148 2099 1992 2091 1975
1982 2040 2132 2159 2149 2110 2020 2062
2102 2149 2159 2128 2061 2021 2039 1983
2123 2083 2115 2157 2126 2058 2118 2041
2141 2113 2142 2156 2136 2108 2131 2103
2104 2130 2114 2140 2151 2147 2109 2135