0 1
2 6
3 9
4 10
5 13
7 19
8 16
11 27
12 24
14 29
15 38
17 32
18 41
20 35
21 22
23 51
25 45
26 54
28 48
30 68
31 56
33 71
34 59
36 74
37 62
39 77
40 65
42 57
43 91
44 79
46 94
47 82
49 97
50 85
52 100
53 88
55 80
58 125
60 104
61 128
63 107
64 131
66 110
67 134
69 113
70 137
72 116
73 140
75 119
76 103
78 122
81 165
83 144
84 168
86 147
87 171
89 150
90 174
92 153
93 177
95 156
96 180
98 159
99 143
101 162
102 217
105 220
106 181
108 223
109 184
111 226
112 187
114 229
115 190
117 232
118 193
120 235
121 196
123 238
124 199
126 241
127 202
129 244
130 205
132 247
133 208
135 182
136 211
138 185
139 214
141 146
142 285
145 288
148 291
149 252
151 294
152 255
154 297
155 258
157 300
158 261
160 303
161 264
163 306
164 267
166 309
167 270
169 312
170 273
172 315
173 276
175 250
176 279
178 253
179 282
183 381
186 384
188 318
189 387
191 321
192 390
194 324
195 393
197 327
198 396
200 330
201 399
203 333
204 402
206 336
207 405
209 339
210 408
212 342
213 411
215 345
216 414
218 348
219 417
221 351
222 420
224 354
225 423
227 357
228 426
230 360
231 429
233 363
234 432
236 366
237 435
239 369
240 320
242 372
243 323
245 375
246 326
248 378
249 329
251 499
254 502
256 436
257 505
259 439
260 508
262 442
263 511
265 445
266 514
268 448
269 517
271 451
272 520
274 454
275 523
277 457
278 526
280 460
281 529
283 463
284 532
286 466
287 535
289 469
290 538
292 472
293 541
295 475
296 544
298 478
299 547
301 481
302 550
304 484
305 553
307 487
308 438
310 490
311 441
313 493
314 444
316 496
317 447
319 649
322 652
325 655
328 658
331 661
332 556
334 664
335 559
337 666
338 562
340 669
341 565
343 670
344 568
346 672
347 571
349 675
350 574
352 678
353 577
355 512
356 580
358 682
359 495
361 685
362 585
364 688
365 588
367 690
368 591
370 693
371 528
373 593
374 596
376 697
377 477
379 700
380 601
382 703
383 604
385 706
386 607
388 524
389 610
391 710
392 613
394 473
395 615
397 714
398 618
400 717
401 598
403 720
404 622
406 506
407 625
409 724
410 489
412 727
413 630
415 554
416 633
418 557
419 636
421 560
422 627
424 563
425 639
427 566
428 642
430 569
431 582
433 572
434 646
437 825
440 828
443 831
446 834
449 837
450 732
452 840
453 735
455 842
456 738
458 845
459 741
461 846
462 744
464 848
465 747
467 851
468 750
470 854
471 753
474 756
476 858
479 861
480 761
482 864
483 764
485 866
486 767
488 869
491 769
492 772
494 873
497 876
498 777
500 879
501 780
503 882
504 783
507 786
509 886
510 789
513 791
515 890
516 794
518 893
519 774
521 896
522 798
525 801
527 900
530 903
531 806
533 730
534 809
536 733
537 812
539 736
540 803
542 739
543 815
545 742
546 818
548 745
549 758
551 748
552 822
555 1025
558 1028
561 1031
564 1034
567 1037
570 1040
573 1043
575 905
576 1046
578 908
579 765
581 911
583 800
584 797
586 915
587 1052
589 755
590 1055
592 920
594 922
595 1010
597 925
599 785
600 1060
602 929
603 1063
605 932
606 1066
608 935
609 775
611 938
612 847
614 1058
616 942
617 1070
619 820
620 819
621 760
623 945
624 759
626 948
628 950
629 805
631 952
632 1074
634 955
635 1077
637 871
638 958
640 960
641 1081
643 796
644 795
645 1083
647 964
648 1086
650 967
651 1089
653 970
654 1092
656 973
657 1095
659 976
660 1098
662 979
663 865
665 863
667 982
668 1101
671 788
673 988
674 1104
676 991
677 1107
679 855
680 1019
681 1109
683 898
684 994
686 897
687 841
689 839
691 996
692 1113
694 999
695 813
696 1117
698 884
699 1120
701 1003
702 907
704 1006
705 910
707 1000
708 874
709 914
711 1009
712 917
713 919
715 1013
716 901
718 1016
719 924
721 862
722 859
723 928
725 892
726 931
728 1022
729 751
731 1241
734 1244
737 1247
740 1250
743 1253
746 1256
749 1259
752 1262
754 1124
757 1127
762 1131
763 1268
766 1271
768 1136
770 1138
771 1226
773 1141
776 1276
778 1145
779 1279
781 1148
782 1282
784 1151
787 1154
790 1274
792 1158
793 1286
799 1161
802 1164
804 1166
807 1168
808 1290
810 1171
811 1293
814 1174
816 1176
817 1297
821 1299
823 1180
824 1302
826 1183
827 1305
829 1186
830 1308
832 1189
833 1311
835 1192
836 1314
838 1195
843 1198
844 1317
849 1204
850 1320
852 1207
853 1323
856 1235
857 1325
860 1210
867 1212
868 1329
870 1215
872 1333
875 1336
877 1219
878 1123
880 1222
881 1126
883 1216
885 1130
887 1225
888 1133
889 1135
891 1229
894 1232
895 1140
899 1144
902 1147
904 1238
906 1444
909 1447
912 1448
913 1383
916 1450
918 1344
921 1363
923 1391
926 1453
927 1374
930 1437
933 1456
934 1338
936 1400
937 1341
939 1167
940 1295
941 1345
943 1460
944 1347
946 1461
947 1310
949 1275
951 1155
953 1463
954 1353
956 1227
957 1356
959 1357
961 1269
962 1359
963 1196
965 1375
966 1218
968 1326
969 1251
971 1468
972 1365
974 1470
975 1368
977 1346
978 1371
980 1179
981 1278
983 1465
984 1351
985 1214
986 1331
987 1377
989 1267
990 1379
992 1415
993 1382
995 1223
997 1476
998 1201
1001 1477
1002 1182
1004 1479
1005 1221
1007 1211
1008 1390
1011 1172
1012 1252
1014 1482
1015 1316
1017 1292
1018 1394
1020 1257
1021 1395
1023 1484
1024 1398
1026 1487
1027 1264
1029 1490
1030 1358
1032 1272
1033 1309
1035 1185
1036 1228
1038 1349
1039 1406
1041 1236
1042 1409
1044 1495
1045 1412
1047 1428
1048 1243
1049 1360
1050 1475
1051 1205
1053 1177
1054 1416
1056 1248
1057 1319
1059 1165
1061 1418
1062 1197
1064 1280
1065 1421
1067 1312
1068 1378
1069 1393
1071 1348
1072 1459
1073 1423
1075 1502
1076 1233
1078 1503
1079 1156
1080 1426
1082 1315
1084 1507
1085 1361
1087 1339
1088 1431
1090 1342
1091 1387
1093 1249
1094 1163
1096 1283
1097 1435
1099 1298
1100 1231
1102 1350
1103 1273
1105 1354
1106 1403
1108 1332
1110 1184
1111 1440
1112 1381
1114 1362
1115 1202
1116 1324
1118 1366
1119 1441
1121 1369
1122 1615
1125 1618
1128 1619
1129 1554
1132 1621
1134 1515
1137 1534
1139 1562
1142 1624
1143 1545
1146 1608
1149 1627
1150 1509
1152 1571
1153 1512
1157 1516
1159 1631
1160 1518
1162 1632
1169 1634
1170 1524
1173 1527
1175 1528
1178 1530
1181 1546
1187 1639
1188 1536
1190 1641
1191 1539
1193 1517
1194 1542
1199 1636
1200 1522
1203 1548
1206 1550
1208 1586
1209 1553
1213 1647
1217 1648
1220 1650
1224 1561
1230 1653
1234 1565
1237 1566
1239 1655
1240 1569
1242 1658
1245 1661
1246 1529
1254 1520
1255 1577
1258 1580
1260 1666
1261 1583
1263 1599
1265 1531
1266 1646
1270 1587
1277 1589
1281 1592
1284 1549
1285 1564
1287 1519
1288 1630
1289 1594
1291 1673
1294 1674
1296 1597
1300 1678
1301 1532
1303 1510
1304 1602
1306 1513
1307 1558
1313 1606
1318 1521
1321 1525
1322 1574
1327 1611
1328 1552
1330 1533
1334 1537
1335 1612
1337 1540
1340 1767
1343 1770
1352 1773
1355 1776
1364 1777
1367 1780
1370 1783
1372 1682
1373 1786
1376 1722
1380 1689
1384 1572
1385 1742
1386 1694
1388 1591
1389 1575
1392 1693
1396 1699
1397 1789
1399 1702
1401 1555
1402 1704
1404 1560
1405 1596
1407 1706
1408 1793
1410 1709
1411 1796
1413 1712
1414 1687
1417 1716
1419 1717
1420 1559
1422 1720
1424 1605
1425 1576
1427 1723
1429 1724
1430 1798
1432 1604
1433 1603
1434 1595
1436 1620
1438 1703
1439 1750
1442 1727
1443 1801
1445 1730
1446 1804
1449 1607
1451 1733
1452 1806
1454 1737
1455 1808
1457 1740
1458 1811
1462 1743
1464 1745
1466 1645
1467 1640
1469 1638
1471 1748
1472 1813
1473 1662
1474 1637
1478 1787
1480 1670
1481 1759
1483 1816
1485 1753
1486 1681
1488 1756
1489 1684
1491 1644
1492 1669
1493 1686
1494 1688
1496 1751
1497 1691
1498 1663
1499 1651
1500 1697
1501 1701
1504 1746
1505 1761
1506 1708
1508 1764
1511 1905
1514 1908
1523 1911
1526 1914
1535 1915
1538 1918
1541 1921
1543 1820
1544 1924
1547 1860
1551 1827
1556 1880
1557 1832
1563 1831
1567 1837
1568 1927
1570 1840
1573 1842
1578 1844
1579 1931
1581 1847
1582 1934
1584 1850
1585 1825
1588 1854
1590 1855
1593 1858
1598 1861
1600 1862
1601 1936
1609 1841
1610 1888
1613 1865
1614 1939
1616 1868
1617 1942
1622 1871
1623 1944
1625 1875
1626 1946
1628 1878
1629 1949
1633 1881
1635 1883
1642 1886
1643 1951
1649 1925
1652 1897
1654 1954
1656 1891
1657 1819
1659 1894
1660 1822
1664 1824
1665 1826
1667 1889
1668 1829
1671 1835
1672 1839
1675 1884
1676 1899
1677 1846
1679 1902
1680 2004
1683 1984
1685 1963
1690 1879
1692 1830
1695 1935
1696 1887
1698 1836
1700 1938
1705 1964
1707 2008
1710 2010
1711 1955
1713 2012
1714 1922
1715 1882
1718 2013
1719 1960
1721 1962
1725 2007
1726 1906
1728 1923
1729 1965
1731 1972
1732 1959
1734 1876
1735 1968
1736 1898
1738 1872
1739 1969
1741 1828
1744 1853
1747 1975
1749 1834
1752 1978
1754 1912
1755 1980
1757 1997
1758 1981
1760 1874
1762 1948
1763 1910
1765 2017
1766 1904
1768 1864
1769 1979
1771 1957
1772 1901
1774 1892
1775 1933
1778 2019
1779 1928
1781 1919
1782 1992
1784 1852
1785 1866
1788 1971
1790 1917
1791 1990
1792 1998
1794 1989
1795 1913
1797 1833
1799 2000
1800 1838
1802 1956
1803 1943
1805 1941
1807 2003
1809 1961
1810 1900
1812 1988
1814 1966
1815 1977
1817 1849
1818 2070
1821 2050
1823 2029
1843 2030
1845 2074
1848 2076
1851 2078
1856 2079
1857 2026
1859 2028
1863 2073
1867 2031
1869 2038
1870 2025
1873 2034
1877 2035
1885 2041
1890 2044
1893 2046
1895 2063
1896 2047
1903 2083
1907 2045
1909 2023
1916 2085
1920 2058
1926 2037
1929 2056
1930 2064
1932 2055
1937 2066
1940 2022
1945 2069
1947 2027
1950 2054
1952 2032
1953 2043
1958 2111
1967 2107
1970 2088
1973 2087
1974 2105
1976 2057
1982 2062
1983 2102
1985 2096
1986 2106
1987 2097
1991 2042
1993 2100
1994 2092
1995 2101
1996 2048
1999 2091
2001 2090
2002 2075
2005 2072
2006 2071
2009 2068
2011 2099
2014 2084
2015 2095
2016 2112
2018 2080
2020 2110
2021 2039
2024 2138
2033 2134
2036 2115
2040 2132
2049 2129
2051 2123
2052 2133
2053 2124
2059 2127
2060 2119
2061 2128
2065 2118
2067 2117
2077 2126
2081 2122
2082 2139
2086 2137
2089 2144
2093 2143
2094 2146
2098 2145
2103 2141
2104 2135
2108 2131
2109 2147
2113 2142
2114 2130
2116 2153
2120 2152
2121 2155
2125 2154
2136 2156
2140 2151
2148 2157
2149 2159
2150 2158
