58 92 44 24 12 4 1 0 2 6 18 33
59 92 44 24 12 4 1 0 3 7 19 34
63 86 51 23 11 5 1 0 3 7 15 38
64 87 52 24 12 4 1 0 2 8 16 39
65 99 51 23 11 5 1 0 3 9 17 40
66 96 48 28 12 4 1 0 2 6 18 41
67 96 48 28 12 4 1 0 3 7 19 42
69 81 46 26 10 4 1 0 2 8 16 31
69 82 47 27 11 5 1 0 2 8 16 31
70 106 62 37 14 6 2 0 3 9 17 32
71 111 65 40 17 9 3 0 2 6 18 33
72 95 47 27 11 5 1 0 3 7 19 34
73 89 54 26 10 4 1 0 2 8 20 35
73 90 55 27 11 5 1 0 2 8 20 35
75 112 74 36 21 9 3 0 2 6 14 37
76 88 53 25 13 5 1 0 3 7 15 38
77 113 74 36 21 9 3 0 2 8 16 39
78 101 53 25 13 5 1 0 3 9 17 40
94 132 88 53 25 13 5 1 4 10 26 46
98 133 97 49 29 13 5 1 4 10 22 50