0 1 4 10 22 21 9 3
2 6 14 29 13 5 1 0
3 7 15 30 20 8 2 0
5 11 23 43 28 12 4 1
8 16 31 56 41 18 6 2
9 17 32 57 42 19 7 3
12 24 44 79 54 26 10 4
13 25 45 80 55 27 11 5
18 33 58 102 75 37 14 6
19 34 59 103 76 38 15 7
20 35 60 104 77 39 16 8
21 36 61 105 78 40 17 9
26 46 81 123 98 50 22 10
27 47 82 124 99 51 23 11
28 48 83 125 100 52 24 12
29 49 84 126 101 53 25 13
37 62 106 134 97 49 29 14
38 63 86 140 120 68 30 15
39 64 107 124 82 69 31 16
40 65 99 124 107 70 32 17
41 66 108 139 121 71 33 18
42 67 109 138 122 72 34 19
20 30 68 110 130 90 73 35
21 22 50 85 127 113 74 36
51 86 63 119 141 91 43 23
52 87 128 103 59 92 44 24
53 88 76 103 128 93 45 25
54 89 129 118 142 94 46 26
55 90 130 117 143 95 47 27
28 43 91 131 109 67 96 48
69 81 46 94 132 114 56 31
70 106 62 118 129 115 57 32
71 111 135 79 44 92 58 33
72 95 143 102 58 92 59 34
73 89 54 79 135 116 60 35
74 112 75 102 143 117 61 36
75 112 141 119 142 118 62 37
76 88 132 94 142 119 63 38
77 113 127 93 128 87 64 39
78 101 126 116 135 111 65 40
41 56 114 137 83 48 96 66
42 57 115 136 108 66 96 67
93 127 85 139 108 136 80 45
95 72 122 123 81 69 82 47
97 133 98 123 122 138 84 49
98 133 120 140 121 139 85 50
99 65 111 71 121 140 86 51
100 134 106 70 107 64 87 52
101 78 105 137 114 132 88 53
55 80 136 115 129 89 73 90
116 126 84 138 109 131 104 60
117 130 110 125 83 137 105 61
120 133 97 134 100 125 110 68
113 77 104 131 91 141 112 74