0 3
1 4
2 8
5 11
6 17
7 14
9 10
12 19
13 21
15 24
16 30
18 27
20 36
22 33
23 32
25 43
26 37
28 38
29 40
31 50
34 53
35 47
39 61
41 55
42 54
44 58
45 57
46 70
48 64
49 73
51 67
52 66
56 81
59 84
60 75
62 76
63 78
65 91
68 94
69 85
71 86
72 88
74 104
77 107
79 98
80 97
82 101
83 100
87 119
89 110
90 109
92 113
93 112
95 116
96 128
99 131
102 134
103 122
105 123
106 125
108 115
111 144
114 147
117 136
118 138
120 139
121 141
124 162
126 150
127 165
129 153
130 152
132 156
133 155
135 159
137 177
140 180
142 168
143 167
145 171
146 170
148 174
149 173
151 186
154 189
157 192
158 181
160 175
161 183
163 184
164 166
169 199
172 202
176 193
178 194
179 196
182 203
185 198
187 205
188 204
190 208
191 207
195 217
197 211
200 214
201 213
206 219
209 215
210 212
216 220
218 221
