0 2
1 5
3 7
4 12
6 13
8 14
9 16
10 22
11 19
15 29
17 26
18 25
20 31
21 37
23 34
24 42
27 45
28 39
30 33
32 51
35 46
36 48
38 60
40 54
41 63
43 57
44 56
47 71
49 65
50 64
52 68
53 67
55 80
58 83
59 74
61 75
62 77
66 92
69 95
70 86
72 87
73 89
76 106
78 97
79 96
81 100
82 99
84 103
85 117
88 120
90 111
91 110
93 114
94 113
98 130
101 133
102 121
104 122
105 124
107 125
108 127
109 142
112 145
115 148
116 136
118 137
119 139
123 161
126 164
128 152
129 151
131 155
132 154
134 158
135 157
138 178
140 166
141 181
143 169
144 168
146 172
147 171
149 175
150 180
153 188
156 191
159 176
160 182
162 183
163 185
165 174
167 197
170 200
173 203
177 194
179 195
184 210
186 204
187 196
189 207
190 206
192 193
198 212
199 211
201 215
202 214
205 217
208 216
209 218
213 221
219 220
