0 1 4 10 9 3
2 6 13 5 1 0
3 7 14 8 2 0
5 11 19 12 4 1
8 15 24 17 6 2
9 16 25 18 7 3
12 20 31 22 10 4
13 21 32 23 11 5
17 26 37 21 13 6
18 27 38 28 14 7
8 14 28 39 29 15
9 10 22 33 30 16
23 34 46 35 19 11
12 19 35 47 36 20
29 40 54 42 24 15
30 41 55 43 25 16
17 24 42 56 44 26
18 25 43 57 45 27
36 48 64 50 31 20
37 49 65 51 32 21
22 31 50 66 52 33
23 32 51 67 53 34
44 58 73 49 37 26
45 59 74 60 38 27
28 38 60 75 61 39
29 39 61 76 62 40
30 33 52 68 63 41
53 69 85 70 46 34
35 46 70 86 71 47
36 47 71 87 72 48
62 77 96 79 54 40
63 78 97 80 55 41
42 54 79 98 81 56
43 55 80 99 82 57
44 56 81 100 83 58
45 57 82 101 84 59
72 88 109 90 64 48
73 89 110 91 65 49
50 64 90 111 92 66
51 65 91 112 93 67
52 66 92 113 94 68
53 67 93 114 95 69
83 102 121 89 73 58
84 103 122 104 74 59
60 74 104 123 105 75
61 75 105 124 106 76
62 76 106 125 107 77
63 68 94 115 108 78
95 116 136 117 85 69
70 85 117 137 118 86
71 86 118 138 119 87
72 87 119 139 120 88
107 126 150 128 96 77
108 127 151 129 97 78
79 96 128 152 130 98
80 97 129 153 131 99
81 98 130 154 132 100
82 99 131 155 133 101
83 100 132 156 134 102
84 101 133 157 135 103
120 140 166 142 109 88
121 141 167 143 110 89
90 109 142 168 144 111
91 110 143 169 145 112
92 111 144 170 146 113
93 112 145 171 147 114
94 113 146 172 148 115
95 114 147 173 149 116
134 158 181 141 121 102
135 159 175 160 122 103
104 122 160 182 161 123
105 123 161 183 162 124
106 124 162 184 163 125
107 125 163 185 164 126
108 115 148 174 165 127
149 175 159 176 136 116
117 136 176 193 177 137
118 137 177 194 178 138
119 138 178 195 179 139
120 139 179 196 180 140
164 166 140 180 150 126
165 181 158 186 151 127
128 150 180 196 187 152
129 151 186 204 188 153
130 152 187 205 189 154
131 153 188 206 190 155
132 154 189 207 191 156
133 155 190 208 192 157
134 156 191 204 186 158
135 157 192 193 176 159
181 165 174 197 167 141
142 166 164 185 198 168
143 167 197 211 199 169
144 168 198 212 200 170
145 169 199 213 201 171
146 170 200 214 202 172
147 171 201 215 203 173
148 172 202 211 197 174
149 173 203 182 160 175
161 182 203 215 209 183
162 183 209 218 210 184
163 184 210 212 198 185
177 193 192 208 216 194
178 194 216 220 217 195
179 195 217 205 187 196
188 204 191 207 219 206
189 205 217 220 219 207
190 206 219 220 216 208
199 211 202 214 221 213
200 212 210 218 221 214
201 213 221 218 209 215