0 1
2 6
3 9
4 10
5 13
7 18
8 15
11 23
12 20
14 28
16 25
17 24
19 35
21 32
22 31
26 44
27 38
29 39
30 41
33 52
34 46
36 47
37 49
40 62
42 56
43 55
45 59
48 72
50 66
51 65
53 69
54 79
57 82
58 73
60 74
61 76
63 68
64 90
67 93
70 85
71 87
75 105
77 96
78 108
80 99
81 98
83 102
84 101
86 118
88 109
89 121
91 112
92 111
94 115
95 114
97 129
100 132
103 135
104 123
106 124
107 126
110 143
113 146
116 149
117 137
119 138
120 140
122 160
125 163
127 151
128 150
130 154
131 153
133 157
134 156
136 176
139 179
141 167
142 166
144 170
145 169
147 173
148 172
152 187
155 190
158 186
159 175
161 182
162 184
164 185
165 181
168 198
171 201
174 197
177 193
178 195
180 196
183 209
188 206
189 205
191 204
192 208
194 216
199 213
200 212
202 211
203 215
207 219
210 218
214 221
217 220
