0 1 4 10 9 3
2 6 13 5 1 0
3 7 14 8 2 0
5 11 19 12 4 1
8 15 24 17 6 2
9 16 25 18 7 3
12 20 31 22 10 4
13 21 32 23 11 5
17 26 37 21 13 6
18 27 38 28 14 7
8 14 28 39 29 15
9 10 22 33 30 16
23 34 46 35 19 11
12 19 35 47 36 20
29 40 54 42 24 15
30 41 55 43 25 16
17 24 42 56 44 26
18 25 43 57 45 27
36 48 64 50 31 20
37 49 65 51 32 21
22 31 50 66 52 33
23 32 51 67 53 34
44 58 73 49 37 26
45 59 74 60 38 27
28 38 60 75 61 39
29 39 61 76 62 40
30 33 52 68 63 41
53 69 85 70 46 34
35 46 70 86 71 47
36 47 71 87 72 48
62 77 96 79 54 40
63 78 97 80 55 41
42 54 79 98 81 56
43 55 80 99 82 57
44 56 81 100 83 58
45 57 82 95 84 59
72 88 103 90 64 48
73 89 104 91 65 49
50 64 90 105 92 66
51 65 91 106 93 67
52 66 92 107 94 68
53 67 93 84 95 69
83 94 107 89 73 58
84 93 106 101 74 59
60 74 101 110 102 75
61 75 102 103 88 76
62 76 88 72 87 77
63 68 94 83 100 78
95 82 99 108 85 69
70 85 108 112 109 86
71 86 109 96 77 87
100 81 98 111 97 78
79 96 109 112 111 98
80 97 111 112 108 99
107 92 105 113 104 89
90 103 102 110 113 105
91 104 113 110 101 106