0 2
1 4
3 9
5 13
6 16
7 15
8 12
10 21
11 20
14 24
17 29
18 28
19 31
22 36
23 35
25 32
26 40
27 41
30 45
33 48
34 49
37 53
38 57
39 55
42 61
43 59
44 60
46 67
47 65
50 71
51 69
52 70
54 74
56 79
58 78
62 83
63 82
64 85
66 90
68 89
72 94
73 93
75 100
76 98
77 99
80 105
81 103
84 108
86 113
87 111
88 112
91 118
92 116
95 121
96 123
97 122
101 126
102 127
104 132
106 131
107 120
109 134
110 133
114 137
115 138
117 143
119 142
124 146
125 144
128 150
129 148
130 149
135 153
136 151
139 157
140 155
141 156
145 159
147 158
152 161
154 160
