0 3
1 5
2 6
4 10
7 11
8 17
9 16
12 22
13 21
14 27
15 25
18 30
19 34
20 32
23 37
24 38
26 43
28 42
29 36
31 46
33 51
35 50
39 58
40 56
41 57
44 62
45 61
47 68
48 66
49 67
52 72
53 71
54 76
55 75
59 79
60 80
63 84
64 87
65 86
69 90
70 91
73 95
74 96
77 102
78 100
81 106
82 104
83 105
85 109
88 115
89 113
92 119
93 117
94 118
97 110
98 123
99 124
101 129
103 128
107 122
108 132
111 134
112 135
114 140
116 139
120 133
121 143
125 147
126 145
127 146
130 144
131 150
136 154
137 152
138 153
141 151
142 157
148 159
149 158
155 161
156 160
