0 1 4 12 8 2
3 7 11 5 1 0
0 2 6 16 9 3
5 13 21 10 4 1
8 17 27 14 6 2
9 18 28 15 7 3
4 10 19 34 22 12
5 11 20 35 23 13
6 14 24 40 26 16
15 25 32 20 11 7
8 12 22 36 29 17
9 16 26 43 30 18
21 33 48 31 19 10
23 37 51 33 21 13
27 41 57 38 24 14
28 42 58 39 25 15
29 44 60 41 27 17
30 45 61 42 28 18
19 31 46 67 49 34
20 32 47 68 50 35
22 34 49 70 52 36
23 35 50 71 53 37
24 38 54 76 56 40
39 55 65 47 32 25
26 40 56 79 59 43
29 36 52 72 62 44
30 43 59 82 63 45
48 66 87 64 46 31
51 69 90 66 48 33
53 73 93 69 51 37
57 77 99 74 54 38
58 78 100 75 55 39
60 80 102 77 57 41
61 81 103 78 58 42
62 83 105 80 60 44
63 84 106 81 61 45
46 64 85 112 88 67
47 65 86 113 89 68
49 67 88 115 91 70
50 68 89 116 92 71
52 70 91 118 94 72
53 71 92 119 95 73
54 74 96 123 98 76
75 97 110 86 65 55
56 76 98 126 101 79
59 79 101 129 104 82
62 72 94 120 107 83
63 82 104 132 108 84
87 111 134 109 85 64
90 114 137 111 87 66
93 117 140 114 90 69
95 121 143 117 93 73
99 124 143 121 96 74
100 125 144 122 97 75
102 127 146 124 99 77
103 128 147 125 100 78
105 130 149 127 102 80
106 131 150 128 103 81
107 122 144 130 105 83
108 109 134 131 106 84
85 109 108 132 135 112
86 110 133 151 136 113
88 112 135 153 138 115
89 113 136 154 139 116
91 115 138 156 141 118
92 116 139 157 142 119
94 118 141 151 133 120
95 119 142 123 96 121
122 107 120 133 110 97
98 123 142 157 145 126
101 126 145 159 148 129
104 129 148 153 135 132
137 152 150 131 134 111
140 155 161 152 137 114
143 124 146 155 140 117
147 158 149 130 144 125
149 158 161 155 146 127
150 152 161 158 147 128
136 151 141 156 160 154
138 153 148 159 160 156
139 154 160 159 145 157