0 1
2 8
3 7
4 12
5 11
6 14
9 18
10 19
13 23
15 28
16 26
17 27
20 35
21 33
22 34
24 40
25 39
29 44
30 43
31 48
32 47
36 52
37 51
38 54
41 60
42 58
45 63
46 64
49 70
50 68
53 73
55 65
56 76
57 77
59 82
61 81
62 72
66 87
67 88
69 93
71 92
74 99
75 97
78 103
79 101
80 102
83 107
84 106
85 112
86 110
89 116
90 114
91 115
94 120
95 119
96 121
98 126
100 125
104 129
105 130
108 109
111 137
113 136
117 140
118 141
122 144
123 142
124 143
127 149
128 147
131 134
132 135
133 151
138 156
139 154
145 157
146 155
148 153
150 152
158 161
159 160
