0 3
1 4
2 8
5 11
6 17
7 14
9 10
12 19
13 21
15 24
16 30
18 27
20 36
22 33
23 32
25 43
26 37
28 38
29 40
31 50
34 53
35 47
39 61
41 55
42 54
44 58
45 57
46 70
48 64
49 73
51 67
52 66
56 81
59 84
60 75
62 76
63 78
65 91
68 94
69 85
71 86
72 88
74 104
77 107
79 98
80 97
82 101
83 100
87 119
89 110
90 109
92 113
93 112
95 116
96 128
99 131
102 134
103 122
105 123
106 125
108 115
111 144
114 147
117 136
118 138
120 139
121 141
124 162
126 150
127 165
129 153
130 152
132 156
133 155
135 159
137 177
140 180
142 168
143 167
145 171
146 170
148 174
149 173
151 190
154 193
157 196
158 181
160 182
161 184
163 185
164 187
166 206
169 209
172 212
175 215
176 200
178 201
179 203
183 228
186 231
188 217
189 216
191 220
192 219
194 223
195 222
197 226
198 225
199 243
202 246
204 232
205 242
207 235
208 234
210 238
211 237
213 241
214 240
218 253
221 256
224 252
227 248
229 249
230 251
233 263
236 266
239 269
244 259
245 261
247 262
250 276
254 272
255 271
257 270
258 274
260 282
264 278
265 277
267 281
268 280
273 285
275 284
279 287
283 286
