0 2
1 5
3 7
4 12
6 13
8 14
9 16
10 22
11 19
15 29
17 26
18 25
20 31
21 37
23 34
24 42
27 45
28 39
30 33
32 51
35 46
36 48
38 60
40 54
41 63
43 57
44 56
47 71
49 65
50 64
52 68
53 67
55 80
58 83
59 74
61 75
62 77
66 92
69 95
70 86
72 87
73 89
76 106
78 97
79 96
81 100
82 99
84 103
85 117
88 120
90 111
91 110
93 114
94 113
98 130
101 133
102 121
104 122
105 124
107 125
108 127
109 142
112 145
115 148
116 136
118 137
119 139
123 161
126 164
128 152
129 151
131 155
132 154
134 158
135 157
138 178
140 166
141 181
143 169
144 168
146 172
147 171
149 175
150 189
153 192
156 195
159 198
160 183
162 184
163 186
165 174
167 207
170 210
173 213
176 199
177 201
179 202
180 204
182 227
185 230
187 216
188 226
190 219
191 218
193 222
194 221
196 225
197 224
200 244
203 247
205 233
206 232
208 236
209 235
211 239
212 238
214 242
215 241
217 252
220 255
223 258
228 248
229 250
231 251
234 264
237 267
240 263
243 259
245 260
246 262
249 275
253 271
254 270
256 274
257 273
261 283
265 279
266 278
268 277
269 281
272 285
276 284
280 287
282 286
