0 1 4 10 9 3
2 6 13 5 1 0
3 7 14 8 2 0
5 11 19 12 4 1
8 15 24 17 6 2
9 16 25 18 7 3
12 20 31 22 10 4
13 21 32 23 11 5
17 26 37 21 13 6
18 27 38 28 14 7
8 14 28 39 29 15
9 10 22 33 30 16
23 34 46 35 19 11
12 19 35 47 36 20
29 40 54 42 24 15
30 41 55 43 25 16
17 24 42 56 44 26
18 25 43 57 45 27
36 48 64 50 31 20
37 49 65 51 32 21
22 31 50 66 52 33
23 32 51 67 53 34
44 58 73 49 37 26
45 59 74 60 38 27
28 38 60 75 61 39
29 39 61 76 62 40
30 33 52 68 63 41
53 69 85 70 46 34
35 46 70 86 71 47
36 47 71 87 72 48
62 77 96 79 54 40
63 78 97 80 55 41
42 54 79 98 81 56
43 55 80 99 82 57
44 56 81 100 83 58
45 57 82 101 84 59
72 88 109 90 64 48
73 89 110 91 65 49
50 64 90 111 92 66
51 65 91 112 93 67
52 66 92 113 94 68
53 67 93 114 95 69
83 102 121 89 73 58
84 103 122 104 74 59
60 74 104 123 105 75
61 75 105 124 106 76
62 76 106 125 107 77
63 68 94 115 108 78
95 116 136 117 85 69
70 85 117 137 118 86
71 86 118 138 119 87
72 87 119 139 120 88
107 126 150 128 96 77
108 127 151 129 97 78
79 96 128 152 130 98
80 97 129 153 131 99
81 98 130 154 132 100
82 99 131 155 133 101
83 100 132 156 134 102
84 101 133 157 135 103
120 140 166 142 109 88
121 141 167 143 110 89
90 109 142 168 144 111
91 110 143 169 145 112
92 111 144 170 146 113
93 112 145 171 147 114
94 113 146 172 148 115
95 114 147 173 149 116
134 158 181 141 121 102
135 159 182 160 122 103
104 122 160 183 161 123
105 123 161 184 162 124
106 124 162 185 163 125
107 125 163 186 164 126
108 115 148 174 165 127
149 175 199 176 136 116
117 136 176 200 177 137
118 137 177 201 178 138
119 138 178 202 179 139
120 139 179 203 180 140
164 187 216 189 150 126
165 188 217 190 151 127
128 150 189 218 191 152
129 151 190 219 192 153
130 152 191 220 193 154
131 153 192 221 194 155
132 154 193 222 195 156
133 155 194 223 196 157
134 156 195 224 197 158
135 157 196 225 198 159
180 204 232 206 166 140
181 205 233 207 167 141
142 166 206 234 208 168
143 167 207 235 209 169
144 168 208 236 210 170
145 169 209 237 211 171
146 170 210 238 212 172
147 171 211 239 213 173
148 172 212 240 214 174
149 173 213 241 215 175
197 226 242 205 181 158
198 215 241 227 182 159
160 182 227 248 228 183
161 183 228 249 229 184
162 184 229 250 230 185
163 185 230 251 231 186
164 186 231 232 204 187
165 174 214 242 226 188
215 198 225 243 199 175
176 199 243 259 244 200
177 200 244 260 245 201
178 201 245 261 246 202
179 202 246 262 247 203
180 203 247 216 187 204
226 197 224 252 217 188
189 216 247 262 253 218
190 217 252 270 254 219
191 218 253 271 255 220
192 219 254 272 256 221
193 220 255 273 257 222
194 221 256 274 258 223
195 222 257 270 252 224
196 223 258 259 243 225
242 214 240 263 233 205
206 232 231 251 264 234
207 233 263 277 265 235
208 234 264 278 266 236
209 235 265 279 267 237
210 236 266 280 268 238
211 237 267 281 269 239
212 238 268 277 263 240
213 239 269 248 227 241
228 248 269 281 275 249
229 249 275 284 276 250
230 250 276 278 264 251
244 259 258 274 282 260
245 260 282 286 283 261
246 261 283 271 253 262
254 270 257 273 285 272
255 271 283 286 285 273
256 272 285 286 282 274
265 277 268 280 287 279
266 278 276 284 287 280
267 279 287 284 275 281