0 1
2 6
3 9
4 10
5 13
7 18
8 15
11 23
12 20
14 28
16 25
17 24
19 35
21 32
22 31
26 44
27 38
29 39
30 41
33 52
34 46
36 47
37 49
40 62
42 56
43 55
45 59
48 72
50 66
51 65
53 69
54 79
57 82
58 73
60 74
61 76
63 68
64 90
67 93
70 85
71 87
75 105
77 96
78 108
80 99
81 98
83 102
84 101
86 118
88 109
89 121
91 112
92 111
94 115
95 114
97 129
100 132
103 135
104 123
106 124
107 126
110 143
113 146
116 149
117 137
119 138
120 140
122 160
125 163
127 151
128 150
130 154
131 153
133 157
134 156
136 176
139 179
141 167
142 166
144 170
145 169
147 173
148 172
152 191
155 194
158 197
159 182
161 183
162 185
164 186
165 188
168 208
171 211
174 214
175 199
177 200
178 202
180 203
181 205
184 229
187 204
189 218
190 217
192 221
193 220
195 224
196 223
198 215
201 245
206 234
207 233
209 237
210 236
212 240
213 239
216 247
219 254
222 257
225 243
226 242
227 241
228 249
230 250
231 232
235 265
238 268
244 260
246 261
248 269
251 264
252 270
253 262
255 273
256 272
258 259
263 277
266 280
267 279
271 283
274 282
275 281
276 278
284 287
285 286
