0 3
1 4
2 8
5 11
6 17
7 14
9 10
12 19
13 21
15 24
16 30
18 27
20 36
22 33
23 32
25 43
26 37
28 38
29 40
31 50
34 53
35 47
39 61
41 55
42 54
44 58
45 57
46 70
48 64
49 73
51 67
52 66
56 81
59 84
60 75
62 76
63 78
65 91
68 94
69 85
71 86
72 88
74 104
77 107
79 98
80 97
82 101
83 100
87 119
89 110
90 109
92 113
93 112
95 116
96 128
99 131
102 134
103 122
105 123
106 125
108 115
111 144
114 147
117 136
118 138
120 139
121 141
124 162
126 150
127 165
129 153
130 152
132 156
133 155
135 159
137 177
140 180
142 168
143 167
145 171
146 170
148 174
149 173
151 190
154 193
157 196
158 181
160 182
161 184
163 185
164 187
166 206
169 209
172 212
175 215
176 200
178 201
179 203
183 229
186 232
188 217
189 216
191 220
192 219
194 223
195 222
197 226
198 225
199 247
202 250
204 235
205 253
207 238
208 237
210 241
211 240
213 244
214 243
218 264
221 267
224 270
227 273
228 255
230 256
231 258
233 259
234 261
236 283
239 286
242 289
245 292
246 274
248 275
249 277
251 278
252 280
254 305
257 308
260 279
262 296
263 295
265 299
266 298
268 302
269 301
271 293
272 304
276 323
281 311
282 310
284 314
285 313
287 317
288 316
290 320
291 319
294 325
297 332
300 335
303 321
306 326
307 328
309 329
312 342
315 345
318 341
322 338
324 339
327 353
330 348
331 340
333 351
334 350
336 337
343 357
344 356
346 355
347 359
349 361
352 360
354 362
358 365
363 364
