0 2
1 5
3 7
4 12
6 13
8 14
9 16
10 22
11 19
15 29
17 26
18 25
20 31
21 37
23 34
24 42
27 45
28 39
30 33
32 51
35 46
36 48
38 60
40 54
41 63
43 57
44 56
47 71
49 65
50 64
52 68
53 67
55 80
58 83
59 74
61 75
62 77
66 92
69 95
70 86
72 87
73 89
76 106
78 97
79 96
81 100
82 99
84 103
85 117
88 120
90 111
91 110
93 114
94 113
98 130
101 133
102 121
104 122
105 124
107 125
108 127
109 142
112 145
115 148
116 136
118 137
119 139
123 161
126 164
128 152
129 151
131 155
132 154
134 158
135 157
138 178
140 166
141 181
143 169
144 168
146 172
147 171
149 175
150 189
153 192
156 195
159 198
160 183
162 184
163 186
165 174
167 207
170 210
173 213
176 199
177 201
179 202
180 204
182 228
185 231
187 216
188 234
190 219
191 218
193 222
194 221
196 225
197 224
200 248
203 251
205 236
206 235
208 239
209 238
211 242
212 241
214 245
215 244
217 263
220 266
223 269
226 272
227 254
229 255
230 257
232 258
233 260
237 284
240 287
243 290
246 293
247 275
249 276
250 278
252 279
253 281
256 307
259 280
261 295
262 294
264 298
265 297
267 301
268 300
270 304
271 303
273 291
274 321
277 324
282 312
283 311
285 315
286 314
288 318
289 317
292 320
296 331
299 334
302 330
305 319
306 327
308 328
309 310
313 343
316 346
322 337
323 339
325 340
326 347
329 342
332 350
333 349
335 348
336 352
338 360
341 355
344 358
345 357
351 363
353 359
354 356
361 364
362 365
