0 1 4 10 9 3
2 6 13 5 1 0
3 7 14 8 2 0
5 11 19 12 4 1
8 15 24 17 6 2
9 16 25 18 7 3
12 20 31 22 10 4
13 21 32 23 11 5
17 26 37 21 13 6
18 27 38 28 14 7
8 14 28 39 29 15
9 10 22 33 30 16
23 34 46 35 19 11
12 19 35 47 36 20
29 40 54 42 24 15
30 41 55 43 25 16
17 24 42 56 44 26
18 25 43 57 45 27
36 48 64 50 31 20
37 49 65 51 32 21
22 31 50 66 52 33
23 32 51 67 53 34
44 58 73 49 37 26
45 59 74 60 38 27
28 38 60 75 61 39
29 39 61 76 62 40
30 33 52 68 63 41
53 69 85 70 46 34
35 46 70 86 71 47
36 47 71 87 72 48
62 77 96 79 54 40
63 78 97 80 55 41
42 54 79 98 81 56
43 55 80 99 82 57
44 56 81 100 83 58
45 57 82 101 84 59
72 88 109 90 64 48
73 89 110 91 65 49
50 64 90 111 92 66
51 65 91 112 93 67
52 66 92 113 94 68
53 67 93 114 95 69
83 102 121 89 73 58
84 103 122 104 74 59
60 74 104 123 105 75
61 75 105 124 106 76
62 76 106 125 107 77
63 68 94 115 108 78
95 116 136 117 85 69
70 85 117 137 118 86
71 86 118 138 119 87
72 87 119 139 120 88
107 126 150 128 96 77
108 127 151 129 97 78
79 96 128 152 130 98
80 97 129 153 131 99
81 98 130 154 132 100
82 99 131 155 133 101
83 100 132 156 134 102
84 101 133 157 135 103
120 140 166 142 109 88
121 141 167 143 110 89
90 109 142 168 144 111
91 110 143 169 145 112
92 111 144 170 146 113
93 112 145 171 147 114
94 113 146 172 148 115
95 114 147 173 149 116
134 158 181 141 121 102
135 159 182 160 122 103
104 122 160 183 161 123
105 123 161 184 162 124
106 124 162 185 163 125
107 125 163 186 164 126
108 115 148 174 165 127
149 175 199 176 136 116
117 136 176 200 177 137
118 137 177 201 178 138
119 138 178 202 179 139
120 139 179 203 180 140
164 187 216 189 150 126
165 188 217 190 151 127
128 150 189 218 191 152
129 151 190 219 192 153
130 152 191 220 193 154
131 153 192 221 194 155
132 154 193 222 195 156
133 155 194 223 196 157
134 156 195 224 197 158
135 157 196 225 198 159
180 204 235 206 166 140
181 205 236 207 167 141
142 166 206 237 208 168
143 167 207 238 209 169
144 168 208 239 210 170
145 169 209 240 211 171
146 170 210 241 212 172
147 171 211 242 213 173
148 172 212 243 214 174
149 173 213 244 215 175
197 226 253 205 181 158
198 227 254 228 182 159
160 182 228 255 229 183
161 183 229 256 230 184
162 184 230 257 231 185
163 185 231 258 232 186
164 186 232 259 233 187
165 174 214 245 234 188
215 246 274 247 199 175
176 199 247 275 248 200
177 200 248 276 249 201
178 201 249 277 250 202
179 202 250 278 251 203
180 203 251 279 252 204
233 260 294 262 216 187
234 261 295 263 217 188
189 216 262 296 264 218
190 217 263 297 265 219
191 218 264 298 266 220
192 219 265 299 267 221
193 220 266 300 268 222
194 221 267 301 269 223
195 222 268 302 270 224
196 223 269 303 271 225
197 224 270 304 272 226
198 225 271 293 273 227
252 280 310 282 235 204
253 281 311 283 236 205
206 235 282 312 284 237
207 236 283 313 285 238
208 237 284 314 286 239
209 238 285 315 287 240
210 239 286 316 288 241
211 240 287 317 289 242
212 241 288 318 290 243
213 242 289 319 291 244
214 243 290 320 292 245
215 244 291 273 293 246
272 292 320 281 253 226
273 291 319 305 254 227
228 254 305 326 306 255
229 255 306 327 307 256
230 256 307 328 308 257
231 257 308 329 309 258
232 258 309 310 280 259
233 259 280 252 279 260
234 245 292 272 304 261
293 271 303 321 274 246
247 274 321 337 322 275
248 275 322 338 323 276
249 276 323 339 324 277
250 277 324 340 325 278
251 278 325 294 260 279
304 270 302 330 295 261
262 294 325 340 331 296
263 295 330 348 332 297
264 296 331 349 333 298
265 297 332 350 334 299
266 298 333 351 335 300
267 299 334 352 336 301
268 300 335 348 330 302
269 301 336 337 321 303
320 290 318 341 311 281
282 310 309 329 342 312
283 311 341 355 343 313
284 312 342 356 344 314
285 313 343 357 345 315
286 314 344 358 346 316
287 315 345 359 347 317
288 316 346 355 341 318
289 317 347 326 305 319
306 326 347 359 353 327
307 327 353 362 354 328
308 328 354 356 342 329
322 337 336 352 360 338
323 338 360 364 361 339
324 339 361 349 331 340
332 348 335 351 363 350
333 349 361 364 363 351
334 350 363 364 360 352
343 355 346 358 365 357
344 356 354 362 365 358
345 357 365 362 353 359