0 1
2 6
3 9
4 10
5 13
7 18
8 15
11 23
12 20
14 28
16 25
17 24
19 35
21 32
22 31
26 44
27 38
29 39
30 41
33 52
34 46
36 47
37 49
40 62
42 56
43 55
45 59
48 72
50 66
51 65
53 69
54 79
57 82
58 73
60 74
61 76
63 68
64 90
67 93
70 85
71 87
75 105
77 96
78 108
80 99
81 98
83 102
84 101
86 118
88 109
89 121
91 112
92 111
94 115
95 114
97 129
100 132
103 135
104 123
106 124
107 126
110 143
113 146
116 149
117 137
119 138
120 140
122 160
125 163
127 151
128 150
130 154
131 153
133 157
134 156
136 176
139 179
141 167
142 166
144 170
145 169
147 173
148 172
152 191
155 194
158 197
159 182
161 183
162 185
164 186
165 188
168 208
171 211
174 214
175 199
177 200
178 202
180 203
181 205
184 230
187 233
189 218
190 217
192 221
193 220
195 224
196 223
198 227
201 249
204 252
206 237
207 236
209 240
210 239
212 243
213 242
215 246
216 262
219 265
222 268
225 271
226 253
228 254
229 256
231 257
232 259
234 245
235 282
238 285
241 288
244 291
247 274
248 276
250 277
251 279
255 306
258 309
260 294
261 304
263 297
264 296
266 300
267 299
269 303
270 302
272 292
273 293
275 322
278 325
280 310
281 320
283 313
284 312
286 316
287 315
289 319
290 318
295 330
298 333
301 336
305 326
307 327
308 329
311 341
314 344
317 347
321 337
323 338
324 340
328 354
331 349
332 348
334 352
335 351
339 361
342 356
343 355
345 359
346 358
350 363
353 362
357 365
360 364
