0 1 4 12 24 16 8 2
3 7 19 27 11 5 1 0
0 2 6 18 34 17 9 3
5 13 25 47 26 10 4 1
8 20 35 53 37 14 6 2
9 21 36 45 38 15 7 3
4 10 22 50 40 48 28 12
5 11 23 51 32 49 29 13
6 14 30 54 28 48 39 18
7 15 31 59 39 48 40 19
8 16 32 51 33 57 41 20
9 17 33 51 23 44 42 21
26 52 35 20 41 43 22 10
27 53 35 52 63 44 23 11
28 54 61 46 38 45 24 12
29 55 31 15 38 46 25 13
37 58 36 21 42 56 30 14
16 24 45 36 58 62 49 32
34 47 25 46 61 57 33 17
39 59 63 52 26 47 34 18
40 50 62 58 37 53 27 19
22 43 60 55 29 49 62 50
56 60 43 41 57 61 54 30
31 55 60 56 42 44 63 59