0 1 4 10 9 3
2 6 13 5 1 0
3 7 14 8 2 0
5 11 19 12 4 1
8 15 24 17 6 2
9 16 25 18 7 3
12 20 31 22 10 4
13 21 32 23 11 5
17 26 37 21 13 6
18 27 38 28 14 7
8 14 28 39 29 15
9 10 22 33 30 16
23 34 46 35 19 11
12 19 35 47 36 20
29 40 54 42 24 15
30 41 55 43 25 16
17 24 42 56 44 26
18 25 43 57 45 27
36 48 61 50 31 20
37 49 62 51 32 21
22 31 50 63 52 33
23 32 51 64 53 34
44 58 65 49 37 26
45 53 64 59 38 27
28 38 59 68 60 39
29 39 60 61 48 40
30 33 52 65 58 41
53 45 57 66 46 34
35 46 66 70 67 47
36 47 67 54 40 48
58 44 56 69 55 41
42 54 67 70 69 56
43 55 69 70 66 57
65 52 63 71 62 49
50 61 60 68 71 63
51 62 71 68 59 64