0 3
1 4
2 8
5 11
6 17
7 14
9 10
12 19
13 21
15 24
16 30
18 27
20 36
22 33
23 32
25 43
26 37
28 38
29 40
31 50
34 53
35 47
39 61
41 55
42 54
44 58
45 57
46 70
48 64
49 73
51 67
52 66
56 81
59 84
60 75
62 76
63 78
65 91
68 94
69 85
71 86
72 88
74 104
77 107
79 98
80 97
82 101
83 100
87 119
89 110
90 109
92 113
93 112
95 116
96 128
99 131
102 134
103 122
105 123
106 125
108 115
111 144
114 147
117 136
118 138
120 139
121 141
124 162
126 150
127 165
129 153
130 152
132 156
133 155
135 159
137 177
140 180
142 168
143 167
145 171
146 170
148 174
149 173
151 190
154 193
157 196
158 181
160 182
161 184
163 185
164 187
166 206
169 209
172 212
175 215
176 200
178 201
179 203
183 229
186 232
188 217
189 216
191 220
192 219
194 223
195 222
197 226
198 225
199 247
202 250
204 235
205 253
207 238
208 237
210 241
211 240
213 244
214 243
218 264
221 267
224 270
227 273
228 255
230 256
231 258
233 259
234 261
236 283
239 286
242 289
245 292
246 274
248 275
249 277
251 278
252 280
254 308
257 311
260 314
262 296
263 295
265 299
266 298
268 302
269 301
271 305
272 304
276 332
279 335
281 317
282 316
284 320
285 319
287 323
288 322
290 326
291 325
293 329
294 346
297 349
300 352
303 355
306 345
307 338
309 339
310 341
312 342
313 344
315 328
318 368
321 371
324 374
327 377
330 358
331 360
333 361
334 363
336 364
337 365
340 390
343 393
347 380
348 379
350 383
351 382
353 386
354 385
356 378
357 388
359 405
362 408
366 395
367 394
369 398
370 397
372 401
373 400
375 404
376 403
381 415
384 418
387 414
389 410
391 411
392 413
396 425
399 428
402 431
406 421
407 423
409 424
412 438
416 434
417 433
419 432
420 436
422 444
426 440
427 439
429 443
430 442
435 447
437 446
441 449
445 448
