0 2
1 5
3 7
4 12
6 13
8 14
9 16
10 22
11 19
15 29
17 26
18 25
20 31
21 37
23 34
24 42
27 45
28 39
30 33
32 51
35 46
36 48
38 60
40 54
41 63
43 57
44 56
47 71
49 65
50 64
52 68
53 67
55 80
58 83
59 74
61 75
62 77
66 92
69 95
70 86
72 87
73 89
76 106
78 97
79 96
81 100
82 99
84 103
85 117
88 120
90 111
91 110
93 114
94 113
98 130
101 133
102 121
104 122
105 124
107 125
108 127
109 142
112 145
115 148
116 136
118 137
119 139
123 161
126 164
128 152
129 151
131 155
132 154
134 158
135 157
138 178
140 166
141 181
143 169
144 168
146 172
147 171
149 175
150 189
153 192
156 195
159 198
160 183
162 184
163 186
165 174
167 207
170 210
173 213
176 199
177 201
179 202
180 204
182 228
185 231
187 216
188 234
190 219
191 218
193 222
194 221
196 225
197 224
200 248
203 251
205 236
206 235
208 239
209 238
211 242
212 241
214 245
215 244
217 263
220 266
223 269
226 272
227 254
229 255
230 257
232 258
233 260
237 284
240 287
243 290
246 293
247 275
249 276
250 278
252 279
253 281
256 310
259 313
261 295
262 294
264 298
265 297
267 301
268 300
270 304
271 303
273 307
274 330
277 333
280 336
282 318
283 317
285 321
286 320
288 324
289 323
291 327
292 326
296 348
299 351
302 354
305 357
306 337
308 338
309 340
311 341
312 343
314 344
315 345
316 366
319 369
322 372
325 375
328 365
329 358
331 359
332 361
334 362
335 364
339 389
342 392
346 379
347 378
349 382
350 381
352 385
353 384
355 388
356 387
360 406
363 409
367 396
368 395
370 399
371 398
373 402
374 401
376 394
377 404
380 414
383 417
386 420
390 410
391 412
393 413
397 426
400 429
403 425
405 421
407 422
408 424
411 437
415 433
416 432
418 436
419 435
423 445
427 441
428 440
430 439
431 443
434 447
438 446
442 449
444 448
