0 1
2 6
3 9
4 10
5 13
7 18
8 15
11 23
12 20
14 28
16 25
17 24
19 35
21 32
22 31
26 44
27 38
29 39
30 41
33 52
34 46
36 47
37 49
40 62
42 56
43 55
45 59
48 72
50 66
51 65
53 69
54 79
57 82
58 73
60 74
61 76
63 68
64 90
67 93
70 85
71 87
75 105
77 96
78 108
80 99
81 98
83 102
84 101
86 118
88 109
89 121
91 112
92 111
94 115
95 114
97 129
100 132
103 135
104 123
106 124
107 126
110 143
113 146
116 149
117 137
119 138
120 140
122 160
125 163
127 151
128 150
130 154
131 153
133 157
134 156
136 176
139 179
141 167
142 166
144 170
145 169
147 173
148 172
152 191
155 194
158 197
159 182
161 183
162 185
164 186
165 188
168 208
171 211
174 214
175 199
177 200
178 202
180 203
181 205
184 230
187 233
189 218
190 217
192 221
193 220
195 224
196 223
198 227
201 249
204 252
206 237
207 236
209 240
210 239
212 243
213 242
215 246
216 262
219 265
222 268
225 271
226 253
228 254
229 256
231 257
232 259
234 245
235 282
238 285
241 288
244 291
247 274
248 276
250 277
251 279
255 309
258 312
260 294
261 315
263 297
264 296
266 300
267 299
269 303
270 302
272 306
273 305
275 331
278 334
280 316
281 337
283 319
284 318
286 322
287 321
289 325
290 324
292 328
293 327
295 347
298 350
301 353
304 356
307 329
308 339
310 340
311 342
313 343
314 336
317 367
320 370
323 373
326 376
330 359
332 360
333 362
335 363
338 377
341 391
344 366
345 378
346 364
348 381
349 380
351 384
352 383
354 387
355 386
357 358
361 407
365 394
368 397
369 396
371 400
372 399
374 403
375 402
379 409
382 416
385 419
388 405
389 404
390 411
392 412
393 395
398 427
401 430
406 422
408 423
410 431
413 426
414 432
415 424
417 435
418 434
420 421
425 439
428 442
429 441
433 445
436 444
437 443
438 440
446 449
447 448
